 511 210 
 1 1 1 1 1 1 1 1 1 1 1 1 
 1 1 1 1 1 1 1 1 1 1 1 1 
 1 1 1 1 1 1 1 1 1 1 1 1 
 1 1 1 1 1 1 1 1 1 1 1 1 
 1 1 1 1 1 1 1 1 1 1 1 1 
 1 1 1 1 1 1 1 1 1 1 1 1 
 1 1 1 1 1 1 1 1 1 1 1 1 
 1 1 1 1 1 1 1 1 1 1 1 1 
 1 1 1 1 1 1 1 1 1 1 1 1 
 1 1 1 1 1 1 1 1 1 1 1 1 
 1 1 1 1 1 1 1 1 1 1 1 1 
 1 1 1 1 1 1 1 1 1 1 1 1 
 1 1 1 1 1 1 1 1 1 1 1 1 
 1 1 1 1 1 1 1 1 1 1 1 1 
 1 1 1 1 1 1 1 1 1 1 1 1 
 1 1 1 1 1 1 1 1 1 1 1 1 
 1 1 1 1 1 1 1 1 1 1 1 1 
 1 1 1 1 1 1 
 126 
 1 2 3 4 5 6 8 9 10 11 12 14 
 15 16 17 19 20 21 23 24 26 29 30 31 
 32 33 35 36 37 38 40 41 42 44 45 47 
 50 51 52 53 55 56 57 59 60 62 65 66 
 67 69 70 72 75 76 78 81 85 86 87 88 
 89 91 92 93 94 96 97 98 100 101 103 106 
 107 108 109 111 112 113 115 116 118 121 122 123 
 125 126 128 131 132 134 137 141 142 143 144 146 
 147 148 150 151 153 156 157 158 160 161 163 166 
 167 169 172 176 177 178 180 181 183 186 187 189 
 192 196 197 199 202 206 
 126 
 1 2 3 4 5 7 8 9 10 11 13 14 
 15 16 18 19 20 22 23 25 27 29 30 31 
 32 34 35 36 37 39 40 41 43 44 46 48 
 50 51 52 54 55 56 58 59 61 63 65 66 
 68 69 71 73 75 77 79 82 85 86 87 88 
 90 91 92 93 95 96 97 99 100 102 104 106 
 107 108 110 111 112 114 115 117 119 121 122 124 
 125 127 129 131 133 135 138 141 142 143 145 146 
 147 149 150 152 154 156 157 159 160 162 164 166 
 168 170 173 176 177 179 180 182 184 186 188 190 
 193 196 198 200 203 207 
 70 
 1 2 3 4 5 8 9 10 11 14 15 16 
 19 20 23 29 30 31 32 35 36 37 40 41 
 44 50 51 52 55 56 59 65 66 69 75 85 
 86 87 88 91 92 93 96 97 100 106 107 108 
 111 112 115 121 122 125 131 141 142 143 146 147 
 150 156 157 160 166 176 177 180 186 196 
 126 
 1 2 3 4 6 7 8 9 10 12 13 14 
 15 17 18 19 21 22 24 25 28 29 30 31 
 33 34 35 36 38 39 40 42 43 45 46 49 
 50 51 53 54 55 57 58 60 61 64 65 67 
 68 70 71 74 76 77 80 83 85 86 87 89 
 90 91 92 94 95 96 98 99 101 102 105 106 
 107 109 110 111 113 114 116 117 120 121 123 124 
 126 127 130 132 133 136 139 141 142 144 145 146 
 148 149 151 152 155 156 158 159 161 162 165 167 
 168 171 174 176 178 179 181 182 185 187 188 191 
 194 197 198 201 204 208 
 70 
 1 2 3 4 6 8 9 10 12 14 15 17 
 19 21 24 29 30 31 33 35 36 38 40 42 
 45 50 51 53 55 57 60 65 67 70 76 85 
 86 87 89 91 92 94 96 98 101 106 107 109 
 111 113 116 121 123 126 132 141 142 144 146 148 
 151 156 158 161 167 176 178 181 187 197 
 70 
 1 2 3 4 7 8 9 10 13 14 15 18 
 19 22 25 29 30 31 34 35 36 39 40 43 
 46 50 51 54 55 58 61 65 68 71 77 85 
 86 87 90 91 92 95 96 99 102 106 107 110 
 111 114 117 121 124 127 133 141 142 145 146 149 
 152 156 159 162 168 176 179 182 188 198 
 35 
 1 2 3 4 8 9 10 14 15 19 29 30 
 31 35 36 40 50 51 55 65 85 86 87 91 
 92 96 106 107 111 121 141 142 146 156 176 
 126 
 1 2 3 5 6 7 8 9 11 12 13 14 
 16 17 18 20 21 22 26 27 28 29 30 32 
 33 34 35 37 38 39 41 42 43 47 48 49 
 50 52 53 54 56 57 58 62 63 64 66 67 
 68 72 73 74 78 79 80 84 85 86 88 89 
 90 91 93 94 95 97 98 99 103 104 105 106 
 108 109 110 112 113 114 118 119 120 122 123 124 
 128 129 130 134 135 136 140 141 143 144 145 147 
 148 149 153 154 155 157 158 159 163 164 165 169 
 170 171 175 177 178 179 183 184 185 189 190 191 
 195 199 200 201 205 209 
 70 
 1 2 3 5 6 8 9 11 12 14 16 17 
 20 21 26 29 30 32 33 35 37 38 41 42 
 47 50 52 53 56 57 62 66 67 72 78 85 
 86 88 89 91 93 94 97 98 103 106 108 109 
 112 113 118 122 123 128 134 141 143 144 147 148 
 153 157 158 163 169 177 178 183 189 199 
 70 
 1 2 3 5 7 8 9 11 13 14 16 18 
 20 22 27 29 30 32 34 35 37 39 41 43 
 48 50 52 54 56 58 63 66 68 73 79 85 
 86 88 90 91 93 95 97 99 104 106 108 110 
 112 114 119 122 124 129 135 141 143 145 147 149 
 154 157 159 164 170 177 179 184 190 200 
 35 
 1 2 3 5 8 9 11 14 16 20 29 30 
 32 35 37 41 50 52 56 66 85 86 88 91 
 93 97 106 108 112 122 141 143 147 157 177 
 70 
 1 2 3 6 7 8 9 12 13 14 17 18 
 21 22 28 29 30 33 34 35 38 39 42 43 
 49 50 53 54 57 58 64 67 68 74 80 85 
 86 89 90 91 94 95 98 99 105 106 109 110 
 113 114 120 123 124 130 136 141 144 145 148 149 
 155 158 159 165 171 178 179 185 191 201 
 35 
 1 2 3 6 8 9 12 14 17 21 29 30 
 33 35 38 42 50 53 57 67 85 86 89 91 
 94 98 106 109 113 123 141 144 148 158 178 
 35 
 1 2 3 7 8 9 13 14 18 22 29 30 
 34 35 39 43 50 54 58 68 85 86 90 91 
 95 99 106 110 114 124 141 145 149 159 179 
 16 
 1 2 3 8 9 14 29 30 35 50 85 86 
 91 106 141 210 
 126 
 1 2 4 5 6 7 8 10 11 12 13 15 
 16 17 18 23 24 25 26 27 28 29 31 32 
 33 34 36 37 38 39 44 45 46 47 48 49 
 51 52 53 54 59 60 61 62 63 64 69 70 
 71 72 73 74 81 82 83 84 85 87 88 89 
 90 92 93 94 95 100 101 102 103 104 105 107 
 108 109 110 115 116 117 118 119 120 125 126 127 
 128 129 130 137 138 139 140 142 143 144 145 150 
 151 152 153 154 155 160 161 162 163 164 165 172 
 173 174 175 180 181 182 183 184 185 192 193 194 
 195 202 203 204 205 210 
 70 
 1 2 4 5 6 8 10 11 12 15 16 17 
 23 24 26 29 31 32 33 36 37 38 44 45 
 47 51 52 53 59 60 62 69 70 72 81 85 
 87 88 89 92 93 94 100 101 103 107 108 109 
 115 116 118 125 126 128 137 142 143 144 150 151 
 153 160 161 163 172 180 181 183 192 202 
 70 
 1 2 4 5 7 8 10 11 13 15 16 18 
 23 25 27 29 31 32 34 36 37 39 44 46 
 48 51 52 54 59 61 63 69 71 73 82 85 
 87 88 90 92 93 95 100 102 104 107 108 110 
 115 117 119 125 127 129 138 142 143 145 150 152 
 154 160 162 164 173 180 182 184 193 203 
 35 
 1 2 4 5 8 10 11 15 16 23 29 31 
 32 36 37 44 51 52 59 69 85 87 88 92 
 93 100 107 108 115 125 142 143 150 160 180 
 70 
 1 2 4 6 7 8 10 12 13 15 17 18 
 24 25 28 29 31 33 34 36 38 39 45 46 
 49 51 53 54 60 61 64 70 71 74 83 85 
 87 89 90 92 94 95 101 102 105 107 109 110 
 116 117 120 126 127 130 139 142 144 145 151 152 
 155 161 162 165 174 181 182 185 194 204 
 35 
 1 2 4 6 8 10 12 15 17 24 29 31 
 33 36 38 45 51 53 60 70 85 87 89 92 
 94 101 107 109 116 126 142 144 151 161 181 
 35 
 1 2 4 7 8 10 13 15 18 25 29 31 
 34 36 39 46 51 54 61 71 85 87 90 92 
 95 102 107 110 117 127 142 145 152 162 182 
 16 
 1 2 4 8 10 15 29 31 36 51 85 87 
 92 107 142 209 
 70 
 1 2 5 6 7 8 11 12 13 16 17 18 
 26 27 28 29 32 33 34 37 38 39 47 48 
 49 52 53 54 62 63 64 72 73 74 84 85 
 88 89 90 93 94 95 103 104 105 108 109 110 
 118 119 120 128 129 130 140 143 144 145 153 154 
 155 163 164 165 175 183 184 185 195 205 
 35 
 1 2 5 6 8 11 12 16 17 26 29 32 
 33 37 38 47 52 53 62 72 85 88 89 93 
 94 103 108 109 118 128 143 144 153 163 183 
 35 
 1 2 5 7 8 11 13 16 18 27 29 32 
 34 37 39 48 52 54 63 73 85 88 90 93 
 95 104 108 110 119 129 143 145 154 164 184 
 16 
 1 2 5 8 11 16 29 32 37 52 85 88 
 93 108 143 208 
 35 
 1 2 6 7 8 12 13 17 18 28 29 33 
 34 38 39 49 53 54 64 74 85 89 90 94 
 95 105 109 110 120 130 144 145 155 165 185 
 16 
 1 2 6 8 12 17 29 33 38 53 85 89 
 94 109 144 207 
 16 
 1 2 7 8 13 18 29 34 39 54 85 90 
 95 110 145 206 
 10 
 1 2 8 29 85 206 207 208 209 210 
 126 
 1 3 4 5 6 7 9 10 11 12 13 19 
 20 21 22 23 24 25 26 27 28 30 31 32 
 33 34 40 41 42 43 44 45 46 47 48 49 
 55 56 57 58 59 60 61 62 63 64 75 76 
 77 78 79 80 81 82 83 84 86 87 88 89 
 90 96 97 98 99 100 101 102 103 104 105 111 
 112 113 114 115 116 117 118 119 120 131 132 133 
 134 135 136 137 138 139 140 146 147 148 149 150 
 151 152 153 154 155 166 167 168 169 170 171 172 
 173 174 175 186 187 188 189 190 191 192 193 194 
 195 206 207 208 209 210 
 70 
 1 3 4 5 6 9 10 11 12 19 20 21 
 23 24 26 30 31 32 33 40 41 42 44 45 
 47 55 56 57 59 60 62 75 76 78 81 86 
 87 88 89 96 97 98 100 101 103 111 112 113 
 115 116 118 131 132 134 137 146 147 148 150 151 
 153 166 167 169 172 186 187 189 192 206 
 70 
 1 3 4 5 7 9 10 11 13 19 20 22 
 23 25 27 30 31 32 34 40 41 43 44 46 
 48 55 56 58 59 61 63 75 77 79 82 86 
 87 88 90 96 97 99 100 102 104 111 112 114 
 115 117 119 131 133 135 138 146 147 149 150 152 
 154 166 168 170 173 186 188 190 193 207 
 35 
 1 3 4 5 9 10 11 19 20 23 30 31 
 32 40 41 44 55 56 59 75 86 87 88 96 
 97 100 111 112 115 131 146 147 150 166 186 
 70 
 1 3 4 6 7 9 10 12 13 19 21 22 
 24 25 28 30 31 33 34 40 42 43 45 46 
 49 55 57 58 60 61 64 76 77 80 83 86 
 87 89 90 96 98 99 101 102 105 111 113 114 
 116 117 120 132 133 136 139 146 148 149 151 152 
 155 167 168 171 174 187 188 191 194 208 
 35 
 1 3 4 6 9 10 12 19 21 24 30 31 
 33 40 42 45 55 57 60 76 86 87 89 96 
 98 101 111 113 116 132 146 148 151 167 187 
 35 
 1 3 4 7 9 10 13 19 22 25 30 31 
 34 40 43 46 55 58 61 77 86 87 90 96 
 99 102 111 114 117 133 146 149 152 168 188 
 16 
 1 3 4 9 10 19 30 31 40 55 86 87 
 96 111 146 205 
 70 
 1 3 5 6 7 9 11 12 13 20 21 22 
 26 27 28 30 32 33 34 41 42 43 47 48 
 49 56 57 58 62 63 64 78 79 80 84 86 
 88 89 90 97 98 99 103 104 105 112 113 114 
 118 119 120 134 135 136 140 147 148 149 153 154 
 155 169 170 171 175 189 190 191 195 209 
 35 
 1 3 5 6 9 11 12 20 21 26 30 32 
 33 41 42 47 56 57 62 78 86 88 89 97 
 98 103 112 113 118 134 147 148 153 169 189 
 35 
 1 3 5 7 9 11 13 20 22 27 30 32 
 34 41 43 48 56 58 63 79 86 88 90 97 
 99 104 112 114 119 135 147 149 154 170 190 
 16 
 1 3 5 9 11 20 30 32 41 56 86 88 
 97 112 147 204 
 35 
 1 3 6 7 9 12 13 21 22 28 30 33 
 34 42 43 49 57 58 64 80 86 89 90 98 
 99 105 113 114 120 136 148 149 155 171 191 
 16 
 1 3 6 9 12 21 30 33 42 57 86 89 
 98 113 148 203 
 16 
 1 3 7 9 13 22 30 34 43 58 86 90 
 99 114 149 202 
 10 
 1 3 9 30 86 202 203 204 205 210 
 70 
 1 4 5 6 7 10 11 12 13 23 24 25 
 26 27 28 31 32 33 34 44 45 46 47 48 
 49 59 60 61 62 63 64 81 82 83 84 87 
 88 89 90 100 101 102 103 104 105 115 116 117 
 118 119 120 137 138 139 140 150 151 152 153 154 
 155 172 173 174 175 192 193 194 195 210 
 35 
 1 4 5 6 10 11 12 23 24 26 31 32 
 33 44 45 47 59 60 62 81 87 88 89 100 
 101 103 115 116 118 137 150 151 153 172 192 
 35 
 1 4 5 7 10 11 13 23 25 27 31 32 
 34 44 46 48 59 61 63 82 87 88 90 100 
 102 104 115 117 119 138 150 152 154 173 193 
 16 
 1 4 5 10 11 23 31 32 44 59 87 88 
 100 115 150 201 
 35 
 1 4 6 7 10 12 13 24 25 28 31 33 
 34 45 46 49 60 61 64 83 87 89 90 101 
 102 105 116 117 120 139 151 152 155 174 194 
 16 
 1 4 6 10 12 24 31 33 45 60 87 89 
 101 116 151 200 
 16 
 1 4 7 10 13 25 31 34 46 61 87 90 
 102 117 152 199 
 10 
 1 4 10 31 87 199 200 201 205 209 
 35 
 1 5 6 7 11 12 13 26 27 28 32 33 
 34 47 48 49 62 63 64 84 88 89 90 103 
 104 105 118 119 120 140 153 154 155 175 195 
 16 
 1 5 6 11 12 26 32 33 47 62 88 89 
 103 118 153 198 
 16 
 1 5 7 11 13 27 32 34 48 63 88 90 
 104 119 154 197 
 10 
 1 5 11 32 88 197 198 201 204 208 
 16 
 1 6 7 12 13 28 33 34 49 64 89 90 
 105 120 155 196 
 10 
 1 6 12 33 89 196 198 200 203 207 
 10 
 1 7 13 34 90 196 197 199 202 206 
 16 
 1 196 197 198 199 200 201 202 203 204 205 206 
 207 208 209 210 
 126 
 2 3 4 5 6 7 14 15 16 17 18 19 
 20 21 22 23 24 25 26 27 28 35 36 37 
 38 39 40 41 42 43 44 45 46 47 48 49 
 65 66 67 68 69 70 71 72 73 74 75 76 
 77 78 79 80 81 82 83 84 91 92 93 94 
 95 96 97 98 99 100 101 102 103 104 105 121 
 122 123 124 125 126 127 128 129 130 131 132 133 
 134 135 136 137 138 139 140 156 157 158 159 160 
 161 162 163 164 165 166 167 168 169 170 171 172 
 173 174 175 196 197 198 199 200 201 202 203 204 
 205 206 207 208 209 210 
 70 
 2 3 4 5 6 14 15 16 17 19 20 21 
 23 24 26 35 36 37 38 40 41 42 44 45 
 47 65 66 67 69 70 72 75 76 78 81 91 
 92 93 94 96 97 98 100 101 103 121 122 123 
 125 126 128 131 132 134 137 156 157 158 160 161 
 163 166 167 169 172 196 197 199 202 206 
 70 
 2 3 4 5 7 14 15 16 18 19 20 22 
 23 25 27 35 36 37 39 40 41 43 44 46 
 48 65 66 68 69 71 73 75 77 79 82 91 
 92 93 95 96 97 99 100 102 104 121 122 124 
 125 127 129 131 133 135 138 156 157 159 160 162 
 164 166 168 170 173 196 198 200 203 207 
 35 
 2 3 4 5 14 15 16 19 20 23 35 36 
 37 40 41 44 65 66 69 75 91 92 93 96 
 97 100 121 122 125 131 156 157 160 166 196 
 70 
 2 3 4 6 7 14 15 17 18 19 21 22 
 24 25 28 35 36 38 39 40 42 43 45 46 
 49 65 67 68 70 71 74 76 77 80 83 91 
 92 94 95 96 98 99 101 102 105 121 123 124 
 126 127 130 132 133 136 139 156 158 159 161 162 
 165 167 168 171 174 197 198 201 204 208 
 35 
 2 3 4 6 14 15 17 19 21 24 35 36 
 38 40 42 45 65 67 70 76 91 92 94 96 
 98 101 121 123 126 132 156 158 161 167 197 
 35 
 2 3 4 7 14 15 18 19 22 25 35 36 
 39 40 43 46 65 68 71 77 91 92 95 96 
 99 102 121 124 127 133 156 159 162 168 198 
 16 
 2 3 4 14 15 19 35 36 40 65 91 92 
 96 121 156 195 
 70 
 2 3 5 6 7 14 16 17 18 20 21 22 
 26 27 28 35 37 38 39 41 42 43 47 48 
 49 66 67 68 72 73 74 78 79 80 84 91 
 93 94 95 97 98 99 103 104 105 122 123 124 
 128 129 130 134 135 136 140 157 158 159 163 164 
 165 169 170 171 175 199 200 201 205 209 
 35 
 2 3 5 6 14 16 17 20 21 26 35 37 
 38 41 42 47 66 67 72 78 91 93 94 97 
 98 103 122 123 128 134 157 158 163 169 199 
 35 
 2 3 5 7 14 16 18 20 22 27 35 37 
 39 41 43 48 66 68 73 79 91 93 95 97 
 99 104 122 124 129 135 157 159 164 170 200 
 16 
 2 3 5 14 16 20 35 37 41 66 91 93 
 97 122 157 194 
 35 
 2 3 6 7 14 17 18 21 22 28 35 38 
 39 42 43 49 67 68 74 80 91 94 95 98 
 99 105 123 124 130 136 158 159 165 171 201 
 16 
 2 3 6 14 17 21 35 38 42 67 91 94 
 98 123 158 193 
 16 
 2 3 7 14 18 22 35 39 43 68 91 95 
 99 124 159 192 
 10 
 2 3 14 35 91 192 193 194 195 210 
 70 
 2 4 5 6 7 15 16 17 18 23 24 25 
 26 27 28 36 37 38 39 44 45 46 47 48 
 49 69 70 71 72 73 74 81 82 83 84 92 
 93 94 95 100 101 102 103 104 105 125 126 127 
 128 129 130 137 138 139 140 160 161 162 163 164 
 165 172 173 174 175 202 203 204 205 210 
 35 
 2 4 5 6 15 16 17 23 24 26 36 37 
 38 44 45 47 69 70 72 81 92 93 94 100 
 101 103 125 126 128 137 160 161 163 172 202 
 35 
 2 4 5 7 15 16 18 23 25 27 36 37 
 39 44 46 48 69 71 73 82 92 93 95 100 
 102 104 125 127 129 138 160 162 164 173 203 
 16 
 2 4 5 15 16 23 36 37 44 69 92 93 
 100 125 160 191 
 35 
 2 4 6 7 15 17 18 24 25 28 36 38 
 39 45 46 49 70 71 74 83 92 94 95 101 
 102 105 126 127 130 139 161 162 165 174 204 
 16 
 2 4 6 15 17 24 36 38 45 70 92 94 
 101 126 161 190 
 16 
 2 4 7 15 18 25 36 39 46 71 92 95 
 102 127 162 189 
 10 
 2 4 15 36 92 189 190 191 195 209 
 35 
 2 5 6 7 16 17 18 26 27 28 37 38 
 39 47 48 49 72 73 74 84 93 94 95 103 
 104 105 128 129 130 140 163 164 165 175 205 
 16 
 2 5 6 16 17 26 37 38 47 72 93 94 
 103 128 163 188 
 16 
 2 5 7 16 18 27 37 39 48 73 93 95 
 104 129 164 187 
 10 
 2 5 16 37 93 187 188 191 194 208 
 16 
 2 6 7 17 18 28 38 39 49 74 94 95 
 105 130 165 186 
 10 
 2 6 17 38 94 186 188 190 193 207 
 10 
 2 7 18 39 95 186 187 189 192 206 
 16 
 2 186 187 188 189 190 191 192 193 194 195 206 
 207 208 209 210 
 70 
 3 4 5 6 7 19 20 21 22 23 24 25 
 26 27 28 40 41 42 43 44 45 46 47 48 
 49 75 76 77 78 79 80 81 82 83 84 96 
 97 98 99 100 101 102 103 104 105 131 132 133 
 134 135 136 137 138 139 140 166 167 168 169 170 
 171 172 173 174 175 206 207 208 209 210 
 35 
 3 4 5 6 19 20 21 23 24 26 40 41 
 42 44 45 47 75 76 78 81 96 97 98 100 
 101 103 131 132 134 137 166 167 169 172 206 
 35 
 3 4 5 7 19 20 22 23 25 27 40 41 
 43 44 46 48 75 77 79 82 96 97 99 100 
 102 104 131 133 135 138 166 168 170 173 207 
 16 
 3 4 5 19 20 23 40 41 44 75 96 97 
 100 131 166 185 
 35 
 3 4 6 7 19 21 22 24 25 28 40 42 
 43 45 46 49 76 77 80 83 96 98 99 101 
 102 105 132 133 136 139 167 168 171 174 208 
 16 
 3 4 6 19 21 24 40 42 45 76 96 98 
 101 132 167 184 
 16 
 3 4 7 19 22 25 40 43 46 77 96 99 
 102 133 168 183 
 10 
 3 4 19 40 96 183 184 185 195 205 
 35 
 3 5 6 7 20 21 22 26 27 28 41 42 
 43 47 48 49 78 79 80 84 97 98 99 103 
 104 105 134 135 136 140 169 170 171 175 209 
 16 
 3 5 6 20 21 26 41 42 47 78 97 98 
 103 134 169 182 
 16 
 3 5 7 20 22 27 41 43 48 79 97 99 
 104 135 170 181 
 10 
 3 5 20 41 97 181 182 185 194 204 
 16 
 3 6 7 21 22 28 42 43 49 80 98 99 
 105 136 171 180 
 10 
 3 6 21 42 98 180 182 184 193 203 
 10 
 3 7 22 43 99 180 181 183 192 202 
 16 
 3 180 181 182 183 184 185 192 193 194 195 202 
 203 204 205 210 
 35 
 4 5 6 7 23 24 25 26 27 28 44 45 
 46 47 48 49 81 82 83 84 100 101 102 103 
 104 105 137 138 139 140 172 173 174 175 210 
 16 
 4 5 6 23 24 26 44 45 47 81 100 101 
 103 137 172 179 
 16 
 4 5 7 23 25 27 44 46 48 82 100 102 
 104 138 173 178 
 10 
 4 5 23 44 100 178 179 185 191 201 
 16 
 4 6 7 24 25 28 45 46 49 83 101 102 
 105 139 174 177 
 10 
 4 6 24 45 101 177 179 184 190 200 
 10 
 4 7 25 46 102 177 178 183 189 199 
 16 
 4 177 178 179 183 184 185 189 190 191 195 199 
 200 201 205 209 
 16 
 5 6 7 26 27 28 47 48 49 84 103 104 
 105 140 175 176 
 10 
 5 6 26 47 103 176 179 182 188 198 
 10 
 5 7 27 48 104 176 178 181 187 197 
 16 
 5 176 178 179 181 182 185 187 188 191 194 197 
 198 201 204 208 
 10 
 6 7 28 49 105 176 177 180 186 196 
 16 
 6 176 177 179 180 182 184 186 188 190 193 196 
 198 200 203 207 
 16 
 7 176 177 178 180 181 183 186 187 189 192 196 
 197 199 202 206 
 35 
 176 177 178 179 180 181 182 183 184 185 186 187 
 188 189 190 191 192 193 194 195 196 197 198 199 
 200 201 202 203 204 205 206 207 208 209 210 
 126 
 8 9 10 11 12 13 14 15 16 17 18 19 
 20 21 22 23 24 25 26 27 28 50 51 52 
 53 54 55 56 57 58 59 60 61 62 63 64 
 65 66 67 68 69 70 71 72 73 74 75 76 
 77 78 79 80 81 82 83 84 106 107 108 109 
 110 111 112 113 114 115 116 117 118 119 120 121 
 122 123 124 125 126 127 128 129 130 131 132 133 
 134 135 136 137 138 139 140 176 177 178 179 180 
 181 182 183 184 185 186 187 188 189 190 191 192 
 193 194 195 196 197 198 199 200 201 202 203 204 
 205 206 207 208 209 210 
 70 
 8 9 10 11 12 14 15 16 17 19 20 21 
 23 24 26 50 51 52 53 55 56 57 59 60 
 62 65 66 67 69 70 72 75 76 78 81 106 
 107 108 109 111 112 113 115 116 118 121 122 123 
 125 126 128 131 132 134 137 176 177 178 180 181 
 183 186 187 189 192 196 197 199 202 206 
 70 
 8 9 10 11 13 14 15 16 18 19 20 22 
 23 25 27 50 51 52 54 55 56 58 59 61 
 63 65 66 68 69 71 73 75 77 79 82 106 
 107 108 110 111 112 114 115 117 119 121 122 124 
 125 127 129 131 133 135 138 176 177 179 180 182 
 184 186 188 190 193 196 198 200 203 207 
 35 
 8 9 10 11 14 15 16 19 20 23 50 51 
 52 55 56 59 65 66 69 75 106 107 108 111 
 112 115 121 122 125 131 176 177 180 186 196 
 70 
 8 9 10 12 13 14 15 17 18 19 21 22 
 24 25 28 50 51 53 54 55 57 58 60 61 
 64 65 67 68 70 71 74 76 77 80 83 106 
 107 109 110 111 113 114 116 117 120 121 123 124 
 126 127 130 132 133 136 139 176 178 179 181 182 
 185 187 188 191 194 197 198 201 204 208 
 35 
 8 9 10 12 14 15 17 19 21 24 50 51 
 53 55 57 60 65 67 70 76 106 107 109 111 
 113 116 121 123 126 132 176 178 181 187 197 
 35 
 8 9 10 13 14 15 18 19 22 25 50 51 
 54 55 58 61 65 68 71 77 106 107 110 111 
 114 117 121 124 127 133 176 179 182 188 198 
 16 
 8 9 10 14 15 19 50 51 55 65 106 107 
 111 121 175 176 
 70 
 8 9 11 12 13 14 16 17 18 20 21 22 
 26 27 28 50 52 53 54 56 57 58 62 63 
 64 66 67 68 72 73 74 78 79 80 84 106 
 108 109 110 112 113 114 118 119 120 122 123 124 
 128 129 130 134 135 136 140 177 178 179 183 184 
 185 189 190 191 195 199 200 201 205 209 
 35 
 8 9 11 12 14 16 17 20 21 26 50 52 
 53 56 57 62 66 67 72 78 106 108 109 112 
 113 118 122 123 128 134 177 178 183 189 199 
 35 
 8 9 11 13 14 16 18 20 22 27 50 52 
 54 56 58 63 66 68 73 79 106 108 110 112 
 114 119 122 124 129 135 177 179 184 190 200 
 16 
 8 9 11 14 16 20 50 52 56 66 106 108 
 112 122 174 177 
 35 
 8 9 12 13 14 17 18 21 22 28 50 53 
 54 57 58 64 67 68 74 80 106 109 110 113 
 114 120 123 124 130 136 178 179 185 191 201 
 16 
 8 9 12 14 17 21 50 53 57 67 106 109 
 113 123 173 178 
 16 
 8 9 13 14 18 22 50 54 58 68 106 110 
 114 124 172 179 
 10 
 8 9 14 50 106 172 173 174 175 210 
 70 
 8 10 11 12 13 15 16 17 18 23 24 25 
 26 27 28 51 52 53 54 59 60 61 62 63 
 64 69 70 71 72 73 74 81 82 83 84 107 
 108 109 110 115 116 117 118 119 120 125 126 127 
 128 129 130 137 138 139 140 180 181 182 183 184 
 185 192 193 194 195 202 203 204 205 210 
 35 
 8 10 11 12 15 16 17 23 24 26 51 52 
 53 59 60 62 69 70 72 81 107 108 109 115 
 116 118 125 126 128 137 180 181 183 192 202 
 35 
 8 10 11 13 15 16 18 23 25 27 51 52 
 54 59 61 63 69 71 73 82 107 108 110 115 
 117 119 125 127 129 138 180 182 184 193 203 
 16 
 8 10 11 15 16 23 51 52 59 69 107 108 
 115 125 171 180 
 35 
 8 10 12 13 15 17 18 24 25 28 51 53 
 54 60 61 64 70 71 74 83 107 109 110 116 
 117 120 126 127 130 139 181 182 185 194 204 
 16 
 8 10 12 15 17 24 51 53 60 70 107 109 
 116 126 170 181 
 16 
 8 10 13 15 18 25 51 54 61 71 107 110 
 117 127 169 182 
 10 
 8 10 15 51 107 169 170 171 175 209 
 35 
 8 11 12 13 16 17 18 26 27 28 52 53 
 54 62 63 64 72 73 74 84 108 109 110 118 
 119 120 128 129 130 140 183 184 185 195 205 
 16 
 8 11 12 16 17 26 52 53 62 72 108 109 
 118 128 168 183 
 16 
 8 11 13 16 18 27 52 54 63 73 108 110 
 119 129 167 184 
 10 
 8 11 16 52 108 167 168 171 174 208 
 16 
 8 12 13 17 18 28 53 54 64 74 109 110 
 120 130 166 185 
 10 
 8 12 17 53 109 166 168 170 173 207 
 10 
 8 13 18 54 110 166 167 169 172 206 
 16 
 8 166 167 168 169 170 171 172 173 174 175 206 
 207 208 209 210 
 70 
 9 10 11 12 13 19 20 21 22 23 24 25 
 26 27 28 55 56 57 58 59 60 61 62 63 
 64 75 76 77 78 79 80 81 82 83 84 111 
 112 113 114 115 116 117 118 119 120 131 132 133 
 134 135 136 137 138 139 140 186 187 188 189 190 
 191 192 193 194 195 206 207 208 209 210 
 35 
 9 10 11 12 19 20 21 23 24 26 55 56 
 57 59 60 62 75 76 78 81 111 112 113 115 
 116 118 131 132 134 137 186 187 189 192 206 
 35 
 9 10 11 13 19 20 22 23 25 27 55 56 
 58 59 61 63 75 77 79 82 111 112 114 115 
 117 119 131 133 135 138 186 188 190 193 207 
 16 
 9 10 11 19 20 23 55 56 59 75 111 112 
 115 131 165 186 
 35 
 9 10 12 13 19 21 22 24 25 28 55 57 
 58 60 61 64 76 77 80 83 111 113 114 116 
 117 120 132 133 136 139 187 188 191 194 208 
 16 
 9 10 12 19 21 24 55 57 60 76 111 113 
 116 132 164 187 
 16 
 9 10 13 19 22 25 55 58 61 77 111 114 
 117 133 163 188 
 10 
 9 10 19 55 111 163 164 165 175 205 
 35 
 9 11 12 13 20 21 22 26 27 28 56 57 
 58 62 63 64 78 79 80 84 112 113 114 118 
 119 120 134 135 136 140 189 190 191 195 209 
 16 
 9 11 12 20 21 26 56 57 62 78 112 113 
 118 134 162 189 
 16 
 9 11 13 20 22 27 56 58 63 79 112 114 
 119 135 161 190 
 10 
 9 11 20 56 112 161 162 165 174 204 
 16 
 9 12 13 21 22 28 57 58 64 80 113 114 
 120 136 160 191 
 10 
 9 12 21 57 113 160 162 164 173 203 
 10 
 9 13 22 58 114 160 161 163 172 202 
 16 
 9 160 161 162 163 164 165 172 173 174 175 202 
 203 204 205 210 
 35 
 10 11 12 13 23 24 25 26 27 28 59 60 
 61 62 63 64 81 82 83 84 115 116 117 118 
 119 120 137 138 139 140 192 193 194 195 210 
 16 
 10 11 12 23 24 26 59 60 62 81 115 116 
 118 137 159 192 
 16 
 10 11 13 23 25 27 59 61 63 82 115 117 
 119 138 158 193 
 10 
 10 11 23 59 115 158 159 165 171 201 
 16 
 10 12 13 24 25 28 60 61 64 83 116 117 
 120 139 157 194 
 10 
 10 12 24 60 116 157 159 164 170 200 
 10 
 10 13 25 61 117 157 158 163 169 199 
 16 
 10 157 158 159 163 164 165 169 170 171 175 199 
 200 201 205 209 
 16 
 11 12 13 26 27 28 62 63 64 84 118 119 
 120 140 156 195 
 10 
 11 12 26 62 118 156 159 162 168 198 
 10 
 11 13 27 63 119 156 158 161 167 197 
 16 
 11 156 158 159 161 162 165 167 168 171 174 197 
 198 201 204 208 
 10 
 12 13 28 64 120 156 157 160 166 196 
 16 
 12 156 157 159 160 162 164 166 168 170 173 196 
 198 200 203 207 
 16 
 13 156 157 158 160 161 163 166 167 169 172 196 
 197 199 202 206 
 35 
 156 157 158 159 160 161 162 163 164 165 166 167 
 168 169 170 171 172 173 174 175 196 197 198 199 
 200 201 202 203 204 205 206 207 208 209 210 
 70 
 14 15 16 17 18 19 20 21 22 23 24 25 
 26 27 28 65 66 67 68 69 70 71 72 73 
 74 75 76 77 78 79 80 81 82 83 84 121 
 122 123 124 125 126 127 128 129 130 131 132 133 
 134 135 136 137 138 139 140 196 197 198 199 200 
 201 202 203 204 205 206 207 208 209 210 
 35 
 14 15 16 17 19 20 21 23 24 26 65 66 
 67 69 70 72 75 76 78 81 121 122 123 125 
 126 128 131 132 134 137 196 197 199 202 206 
 35 
 14 15 16 18 19 20 22 23 25 27 65 66 
 68 69 71 73 75 77 79 82 121 122 124 125 
 127 129 131 133 135 138 196 198 200 203 207 
 16 
 14 15 16 19 20 23 65 66 69 75 121 122 
 125 131 155 196 
 35 
 14 15 17 18 19 21 22 24 25 28 65 67 
 68 70 71 74 76 77 80 83 121 123 124 126 
 127 130 132 133 136 139 197 198 201 204 208 
 16 
 14 15 17 19 21 24 65 67 70 76 121 123 
 126 132 154 197 
 16 
 14 15 18 19 22 25 65 68 71 77 121 124 
 127 133 153 198 
 10 
 14 15 19 65 121 153 154 155 175 195 
 35 
 14 16 17 18 20 21 22 26 27 28 66 67 
 68 72 73 74 78 79 80 84 122 123 124 128 
 129 130 134 135 136 140 199 200 201 205 209 
 16 
 14 16 17 20 21 26 66 67 72 78 122 123 
 128 134 152 199 
 16 
 14 16 18 20 22 27 66 68 73 79 122 124 
 129 135 151 200 
 10 
 14 16 20 66 122 151 152 155 174 194 
 16 
 14 17 18 21 22 28 67 68 74 80 123 124 
 130 136 150 201 
 10 
 14 17 21 67 123 150 152 154 173 193 
 10 
 14 18 22 68 124 150 151 153 172 192 
 16 
 14 150 151 152 153 154 155 172 173 174 175 192 
 193 194 195 210 
 35 
 15 16 17 18 23 24 25 26 27 28 69 70 
 71 72 73 74 81 82 83 84 125 126 127 128 
 129 130 137 138 139 140 202 203 204 205 210 
 16 
 15 16 17 23 24 26 69 70 72 81 125 126 
 128 137 149 202 
 16 
 15 16 18 23 25 27 69 71 73 82 125 127 
 129 138 148 203 
 10 
 15 16 23 69 125 148 149 155 171 191 
 16 
 15 17 18 24 25 28 70 71 74 83 126 127 
 130 139 147 204 
 10 
 15 17 24 70 126 147 149 154 170 190 
 10 
 15 18 25 71 127 147 148 153 169 189 
 16 
 15 147 148 149 153 154 155 169 170 171 175 189 
 190 191 195 209 
 16 
 16 17 18 26 27 28 72 73 74 84 128 129 
 130 140 146 205 
 10 
 16 17 26 72 128 146 149 152 168 188 
 10 
 16 18 27 73 129 146 148 151 167 187 
 16 
 16 146 148 149 151 152 155 167 168 171 174 187 
 188 191 194 208 
 10 
 17 18 28 74 130 146 147 150 166 186 
 16 
 17 146 147 149 150 152 154 166 168 170 173 186 
 188 190 193 207 
 16 
 18 146 147 148 150 151 153 166 167 169 172 186 
 187 189 192 206 
 35 
 146 147 148 149 150 151 152 153 154 155 166 167 
 168 169 170 171 172 173 174 175 186 187 188 189 
 190 191 192 193 194 195 206 207 208 209 210 
 35 
 19 20 21 22 23 24 25 26 27 28 75 76 
 77 78 79 80 81 82 83 84 131 132 133 134 
 135 136 137 138 139 140 206 207 208 209 210 
 16 
 19 20 21 23 24 26 75 76 78 81 131 132 
 134 137 145 206 
 16 
 19 20 22 23 25 27 75 77 79 82 131 133 
 135 138 144 207 
 10 
 19 20 23 75 131 144 145 155 165 185 
 16 
 19 21 22 24 25 28 76 77 80 83 132 133 
 136 139 143 208 
 10 
 19 21 24 76 132 143 145 154 164 184 
 10 
 19 22 25 77 133 143 144 153 163 183 
 16 
 19 143 144 145 153 154 155 163 164 165 175 183 
 184 185 195 205 
 16 
 20 21 22 26 27 28 78 79 80 84 134 135 
 136 140 142 209 
 10 
 20 21 26 78 134 142 145 152 162 182 
 10 
 20 22 27 79 135 142 144 151 161 181 
 16 
 20 142 144 145 151 152 155 161 162 165 174 181 
 182 185 194 204 
 10 
 21 22 28 80 136 142 143 150 160 180 
 16 
 21 142 143 145 150 152 154 160 162 164 173 180 
 182 184 193 203 
 16 
 22 142 143 144 150 151 153 160 161 163 172 180 
 181 183 192 202 
 35 
 142 143 144 145 150 151 152 153 154 155 160 161 
 162 163 164 165 172 173 174 175 180 181 182 183 
 184 185 192 193 194 195 202 203 204 205 210 
 16 
 23 24 25 26 27 28 81 82 83 84 137 138 
 139 140 141 210 
 10 
 23 24 26 81 137 141 145 149 159 179 
 10 
 23 25 27 82 138 141 144 148 158 178 
 16 
 23 141 144 145 148 149 155 158 159 165 171 178 
 179 185 191 201 
 10 
 24 25 28 83 139 141 143 147 157 177 
 16 
 24 141 143 145 147 149 154 157 159 164 170 177 
 179 184 190 200 
 16 
 25 141 143 144 147 148 153 157 158 163 169 177 
 178 183 189 199 
 35 
 141 143 144 145 147 148 149 153 154 155 157 158 
 159 163 164 165 169 170 171 175 177 178 179 183 
 184 185 189 190 191 195 199 200 201 205 209 
 10 
 26 27 28 84 140 141 142 146 156 176 
 16 
 26 141 142 145 146 149 152 156 159 162 168 176 
 179 182 188 198 
 16 
 27 141 142 144 146 148 151 156 158 161 167 176 
 178 181 187 197 
 35 
 141 142 144 145 146 148 149 151 152 155 156 158 
 159 161 162 165 167 168 171 174 176 178 179 181 
 182 185 187 188 191 194 197 198 201 204 208 
 16 
 28 141 142 143 146 147 150 156 157 160 166 176 
 177 180 186 196 
 35 
 141 142 143 145 146 147 149 150 152 154 156 157 
 159 160 162 164 166 168 170 173 176 177 179 180 
 182 184 186 188 190 193 196 198 200 203 207 
 35 
 141 142 143 144 146 147 148 150 151 153 156 157 
 158 160 161 163 166 167 169 172 176 177 178 180 
 181 183 186 187 189 192 196 197 199 202 206 
 70 
 141 142 143 144 145 146 147 148 149 150 151 152 
 153 154 155 156 157 158 159 160 161 162 163 164 
 165 166 167 168 169 170 171 172 173 174 175 176 
 177 178 179 180 181 182 183 184 185 186 187 188 
 189 190 191 192 193 194 195 196 197 198 199 200 
 201 202 203 204 205 206 207 208 209 210 
 126 
 29 30 31 32 33 34 35 36 37 38 39 40 
 41 42 43 44 45 46 47 48 49 50 51 52 
 53 54 55 56 57 58 59 60 61 62 63 64 
 65 66 67 68 69 70 71 72 73 74 75 76 
 77 78 79 80 81 82 83 84 141 142 143 144 
 145 146 147 148 149 150 151 152 153 154 155 156 
 157 158 159 160 161 162 163 164 165 166 167 168 
 169 170 171 172 173 174 175 176 177 178 179 180 
 181 182 183 184 185 186 187 188 189 190 191 192 
 193 194 195 196 197 198 199 200 201 202 203 204 
 205 206 207 208 209 210 
 70 
 29 30 31 32 33 35 36 37 38 40 41 42 
 44 45 47 50 51 52 53 55 56 57 59 60 
 62 65 66 67 69 70 72 75 76 78 81 141 
 142 143 144 146 147 148 150 151 153 156 157 158 
 160 161 163 166 167 169 172 176 177 178 180 181 
 183 186 187 189 192 196 197 199 202 206 
 70 
 29 30 31 32 34 35 36 37 39 40 41 43 
 44 46 48 50 51 52 54 55 56 58 59 61 
 63 65 66 68 69 71 73 75 77 79 82 141 
 142 143 145 146 147 149 150 152 154 156 157 159 
 160 162 164 166 168 170 173 176 177 179 180 182 
 184 186 188 190 193 196 198 200 203 207 
 35 
 29 30 31 32 35 36 37 40 41 44 50 51 
 52 55 56 59 65 66 69 75 141 142 143 146 
 147 150 156 157 160 166 176 177 180 186 196 
 70 
 29 30 31 33 34 35 36 38 39 40 42 43 
 45 46 49 50 51 53 54 55 57 58 60 61 
 64 65 67 68 70 71 74 76 77 80 83 141 
 142 144 145 146 148 149 151 152 155 156 158 159 
 161 162 165 167 168 171 174 176 178 179 181 182 
 185 187 188 191 194 197 198 201 204 208 
 35 
 29 30 31 33 35 36 38 40 42 45 50 51 
 53 55 57 60 65 67 70 76 141 142 144 146 
 148 151 156 158 161 167 176 178 181 187 197 
 35 
 29 30 31 34 35 36 39 40 43 46 50 51 
 54 55 58 61 65 68 71 77 141 142 145 146 
 149 152 156 159 162 168 176 179 182 188 198 
 16 
 29 30 31 35 36 40 50 51 55 65 140 141 
 142 146 156 176 
 70 
 29 30 32 33 34 35 37 38 39 41 42 43 
 47 48 49 50 52 53 54 56 57 58 62 63 
 64 66 67 68 72 73 74 78 79 80 84 141 
 143 144 145 147 148 149 153 154 155 157 158 159 
 163 164 165 169 170 171 175 177 178 179 183 184 
 185 189 190 191 195 199 200 201 205 209 
 35 
 29 30 32 33 35 37 38 41 42 47 50 52 
 53 56 57 62 66 67 72 78 141 143 144 147 
 148 153 157 158 163 169 177 178 183 189 199 
 35 
 29 30 32 34 35 37 39 41 43 48 50 52 
 54 56 58 63 66 68 73 79 141 143 145 147 
 149 154 157 159 164 170 177 179 184 190 200 
 16 
 29 30 32 35 37 41 50 52 56 66 139 141 
 143 147 157 177 
 35 
 29 30 33 34 35 38 39 42 43 49 50 53 
 54 57 58 64 67 68 74 80 141 144 145 148 
 149 155 158 159 165 171 178 179 185 191 201 
 16 
 29 30 33 35 38 42 50 53 57 67 138 141 
 144 148 158 178 
 16 
 29 30 34 35 39 43 50 54 58 68 137 141 
 145 149 159 179 
 10 
 29 30 35 50 137 138 139 140 141 210 
 70 
 29 31 32 33 34 36 37 38 39 44 45 46 
 47 48 49 51 52 53 54 59 60 61 62 63 
 64 69 70 71 72 73 74 81 82 83 84 142 
 143 144 145 150 151 152 153 154 155 160 161 162 
 163 164 165 172 173 174 175 180 181 182 183 184 
 185 192 193 194 195 202 203 204 205 210 
 35 
 29 31 32 33 36 37 38 44 45 47 51 52 
 53 59 60 62 69 70 72 81 142 143 144 150 
 151 153 160 161 163 172 180 181 183 192 202 
 35 
 29 31 32 34 36 37 39 44 46 48 51 52 
 54 59 61 63 69 71 73 82 142 143 145 150 
 152 154 160 162 164 173 180 182 184 193 203 
 16 
 29 31 32 36 37 44 51 52 59 69 136 142 
 143 150 160 180 
 35 
 29 31 33 34 36 38 39 45 46 49 51 53 
 54 60 61 64 70 71 74 83 142 144 145 151 
 152 155 161 162 165 174 181 182 185 194 204 
 16 
 29 31 33 36 38 45 51 53 60 70 135 142 
 144 151 161 181 
 16 
 29 31 34 36 39 46 51 54 61 71 134 142 
 145 152 162 182 
 10 
 29 31 36 51 134 135 136 140 142 209 
 35 
 29 32 33 34 37 38 39 47 48 49 52 53 
 54 62 63 64 72 73 74 84 143 144 145 153 
 154 155 163 164 165 175 183 184 185 195 205 
 16 
 29 32 33 37 38 47 52 53 62 72 133 143 
 144 153 163 183 
 16 
 29 32 34 37 39 48 52 54 63 73 132 143 
 145 154 164 184 
 10 
 29 32 37 52 132 133 136 139 143 208 
 16 
 29 33 34 38 39 49 53 54 64 74 131 144 
 145 155 165 185 
 10 
 29 33 38 53 131 133 135 138 144 207 
 10 
 29 34 39 54 131 132 134 137 145 206 
 16 
 29 131 132 133 134 135 136 137 138 139 140 206 
 207 208 209 210 
 70 
 30 31 32 33 34 40 41 42 43 44 45 46 
 47 48 49 55 56 57 58 59 60 61 62 63 
 64 75 76 77 78 79 80 81 82 83 84 146 
 147 148 149 150 151 152 153 154 155 166 167 168 
 169 170 171 172 173 174 175 186 187 188 189 190 
 191 192 193 194 195 206 207 208 209 210 
 35 
 30 31 32 33 40 41 42 44 45 47 55 56 
 57 59 60 62 75 76 78 81 146 147 148 150 
 151 153 166 167 169 172 186 187 189 192 206 
 35 
 30 31 32 34 40 41 43 44 46 48 55 56 
 58 59 61 63 75 77 79 82 146 147 149 150 
 152 154 166 168 170 173 186 188 190 193 207 
 16 
 30 31 32 40 41 44 55 56 59 75 130 146 
 147 150 166 186 
 35 
 30 31 33 34 40 42 43 45 46 49 55 57 
 58 60 61 64 76 77 80 83 146 148 149 151 
 152 155 167 168 171 174 187 188 191 194 208 
 16 
 30 31 33 40 42 45 55 57 60 76 129 146 
 148 151 167 187 
 16 
 30 31 34 40 43 46 55 58 61 77 128 146 
 149 152 168 188 
 10 
 30 31 40 55 128 129 130 140 146 205 
 35 
 30 32 33 34 41 42 43 47 48 49 56 57 
 58 62 63 64 78 79 80 84 147 148 149 153 
 154 155 169 170 171 175 189 190 191 195 209 
 16 
 30 32 33 41 42 47 56 57 62 78 127 147 
 148 153 169 189 
 16 
 30 32 34 41 43 48 56 58 63 79 126 147 
 149 154 170 190 
 10 
 30 32 41 56 126 127 130 139 147 204 
 16 
 30 33 34 42 43 49 57 58 64 80 125 148 
 149 155 171 191 
 10 
 30 33 42 57 125 127 129 138 148 203 
 10 
 30 34 43 58 125 126 128 137 149 202 
 16 
 30 125 126 127 128 129 130 137 138 139 140 202 
 203 204 205 210 
 35 
 31 32 33 34 44 45 46 47 48 49 59 60 
 61 62 63 64 81 82 83 84 150 151 152 153 
 154 155 172 173 174 175 192 193 194 195 210 
 16 
 31 32 33 44 45 47 59 60 62 81 124 150 
 151 153 172 192 
 16 
 31 32 34 44 46 48 59 61 63 82 123 150 
 152 154 173 193 
 10 
 31 32 44 59 123 124 130 136 150 201 
 16 
 31 33 34 45 46 49 60 61 64 83 122 151 
 152 155 174 194 
 10 
 31 33 45 60 122 124 129 135 151 200 
 10 
 31 34 46 61 122 123 128 134 152 199 
 16 
 31 122 123 124 128 129 130 134 135 136 140 199 
 200 201 205 209 
 16 
 32 33 34 47 48 49 62 63 64 84 121 153 
 154 155 175 195 
 10 
 32 33 47 62 121 124 127 133 153 198 
 10 
 32 34 48 63 121 123 126 132 154 197 
 16 
 32 121 123 124 126 127 130 132 133 136 139 197 
 198 201 204 208 
 10 
 33 34 49 64 121 122 125 131 155 196 
 16 
 33 121 122 124 125 127 129 131 133 135 138 196 
 198 200 203 207 
 16 
 34 121 122 123 125 126 128 131 132 134 137 196 
 197 199 202 206 
 35 
 121 122 123 124 125 126 127 128 129 130 131 132 
 133 134 135 136 137 138 139 140 196 197 198 199 
 200 201 202 203 204 205 206 207 208 209 210 
 70 
 35 36 37 38 39 40 41 42 43 44 45 46 
 47 48 49 65 66 67 68 69 70 71 72 73 
 74 75 76 77 78 79 80 81 82 83 84 156 
 157 158 159 160 161 162 163 164 165 166 167 168 
 169 170 171 172 173 174 175 196 197 198 199 200 
 201 202 203 204 205 206 207 208 209 210 
 35 
 35 36 37 38 40 41 42 44 45 47 65 66 
 67 69 70 72 75 76 78 81 156 157 158 160 
 161 163 166 167 169 172 196 197 199 202 206 
 35 
 35 36 37 39 40 41 43 44 46 48 65 66 
 68 69 71 73 75 77 79 82 156 157 159 160 
 162 164 166 168 170 173 196 198 200 203 207 
 16 
 35 36 37 40 41 44 65 66 69 75 120 156 
 157 160 166 196 
 35 
 35 36 38 39 40 42 43 45 46 49 65 67 
 68 70 71 74 76 77 80 83 156 158 159 161 
 162 165 167 168 171 174 197 198 201 204 208 
 16 
 35 36 38 40 42 45 65 67 70 76 119 156 
 158 161 167 197 
 16 
 35 36 39 40 43 46 65 68 71 77 118 156 
 159 162 168 198 
 10 
 35 36 40 65 118 119 120 140 156 195 
 35 
 35 37 38 39 41 42 43 47 48 49 66 67 
 68 72 73 74 78 79 80 84 157 158 159 163 
 164 165 169 170 171 175 199 200 201 205 209 
 16 
 35 37 38 41 42 47 66 67 72 78 117 157 
 158 163 169 199 
 16 
 35 37 39 41 43 48 66 68 73 79 116 157 
 159 164 170 200 
 10 
 35 37 41 66 116 117 120 139 157 194 
 16 
 35 38 39 42 43 49 67 68 74 80 115 158 
 159 165 171 201 
 10 
 35 38 42 67 115 117 119 138 158 193 
 10 
 35 39 43 68 115 116 118 137 159 192 
 16 
 35 115 116 117 118 119 120 137 138 139 140 192 
 193 194 195 210 
 35 
 36 37 38 39 44 45 46 47 48 49 69 70 
 71 72 73 74 81 82 83 84 160 161 162 163 
 164 165 172 173 174 175 202 203 204 205 210 
 16 
 36 37 38 44 45 47 69 70 72 81 114 160 
 161 163 172 202 
 16 
 36 37 39 44 46 48 69 71 73 82 113 160 
 162 164 173 203 
 10 
 36 37 44 69 113 114 120 136 160 191 
 16 
 36 38 39 45 46 49 70 71 74 83 112 161 
 162 165 174 204 
 10 
 36 38 45 70 112 114 119 135 161 190 
 10 
 36 39 46 71 112 113 118 134 162 189 
 16 
 36 112 113 114 118 119 120 134 135 136 140 189 
 190 191 195 209 
 16 
 37 38 39 47 48 49 72 73 74 84 111 163 
 164 165 175 205 
 10 
 37 38 47 72 111 114 117 133 163 188 
 10 
 37 39 48 73 111 113 116 132 164 187 
 16 
 37 111 113 114 116 117 120 132 133 136 139 187 
 188 191 194 208 
 10 
 38 39 49 74 111 112 115 131 165 186 
 16 
 38 111 112 114 115 117 119 131 133 135 138 186 
 188 190 193 207 
 16 
 39 111 112 113 115 116 118 131 132 134 137 186 
 187 189 192 206 
 35 
 111 112 113 114 115 116 117 118 119 120 131 132 
 133 134 135 136 137 138 139 140 186 187 188 189 
 190 191 192 193 194 195 206 207 208 209 210 
 35 
 40 41 42 43 44 45 46 47 48 49 75 76 
 77 78 79 80 81 82 83 84 166 167 168 169 
 170 171 172 173 174 175 206 207 208 209 210 
 16 
 40 41 42 44 45 47 75 76 78 81 110 166 
 167 169 172 206 
 16 
 40 41 43 44 46 48 75 77 79 82 109 166 
 168 170 173 207 
 10 
 40 41 44 75 109 110 120 130 166 185 
 16 
 40 42 43 45 46 49 76 77 80 83 108 167 
 168 171 174 208 
 10 
 40 42 45 76 108 110 119 129 167 184 
 10 
 40 43 46 77 108 109 118 128 168 183 
 16 
 40 108 109 110 118 119 120 128 129 130 140 183 
 184 185 195 205 
 16 
 41 42 43 47 48 49 78 79 80 84 107 169 
 170 171 175 209 
 10 
 41 42 47 78 107 110 117 127 169 182 
 10 
 41 43 48 79 107 109 116 126 170 181 
 16 
 41 107 109 110 116 117 120 126 127 130 139 181 
 182 185 194 204 
 10 
 42 43 49 80 107 108 115 125 171 180 
 16 
 42 107 108 110 115 117 119 125 127 129 138 180 
 182 184 193 203 
 16 
 43 107 108 109 115 116 118 125 126 128 137 180 
 181 183 192 202 
 35 
 107 108 109 110 115 116 117 118 119 120 125 126 
 127 128 129 130 137 138 139 140 180 181 182 183 
 184 185 192 193 194 195 202 203 204 205 210 
 16 
 44 45 46 47 48 49 81 82 83 84 106 172 
 173 174 175 210 
 10 
 44 45 47 81 106 110 114 124 172 179 
 10 
 44 46 48 82 106 109 113 123 173 178 
 16 
 44 106 109 110 113 114 120 123 124 130 136 178 
 179 185 191 201 
 10 
 45 46 49 83 106 108 112 122 174 177 
 16 
 45 106 108 110 112 114 119 122 124 129 135 177 
 179 184 190 200 
 16 
 46 106 108 109 112 113 118 122 123 128 134 177 
 178 183 189 199 
 35 
 106 108 109 110 112 113 114 118 119 120 122 123 
 124 128 129 130 134 135 136 140 177 178 179 183 
 184 185 189 190 191 195 199 200 201 205 209 
 10 
 47 48 49 84 106 107 111 121 175 176 
 16 
 47 106 107 110 111 114 117 121 124 127 133 176 
 179 182 188 198 
 16 
 48 106 107 109 111 113 116 121 123 126 132 176 
 178 181 187 197 
 35 
 106 107 109 110 111 113 114 116 117 120 121 123 
 124 126 127 130 132 133 136 139 176 178 179 181 
 182 185 187 188 191 194 197 198 201 204 208 
 16 
 49 106 107 108 111 112 115 121 122 125 131 176 
 177 180 186 196 
 35 
 106 107 108 110 111 112 114 115 117 119 121 122 
 124 125 127 129 131 133 135 138 176 177 179 180 
 182 184 186 188 190 193 196 198 200 203 207 
 35 
 106 107 108 109 111 112 113 115 116 118 121 122 
 123 125 126 128 131 132 134 137 176 177 178 180 
 181 183 186 187 189 192 196 197 199 202 206 
 70 
 106 107 108 109 110 111 112 113 114 115 116 117 
 118 119 120 121 122 123 124 125 126 127 128 129 
 130 131 132 133 134 135 136 137 138 139 140 176 
 177 178 179 180 181 182 183 184 185 186 187 188 
 189 190 191 192 193 194 195 196 197 198 199 200 
 201 202 203 204 205 206 207 208 209 210 
 70 
 50 51 52 53 54 55 56 57 58 59 60 61 
 62 63 64 65 66 67 68 69 70 71 72 73 
 74 75 76 77 78 79 80 81 82 83 84 176 
 177 178 179 180 181 182 183 184 185 186 187 188 
 189 190 191 192 193 194 195 196 197 198 199 200 
 201 202 203 204 205 206 207 208 209 210 
 35 
 50 51 52 53 55 56 57 59 60 62 65 66 
 67 69 70 72 75 76 78 81 176 177 178 180 
 181 183 186 187 189 192 196 197 199 202 206 
 35 
 50 51 52 54 55 56 58 59 61 63 65 66 
 68 69 71 73 75 77 79 82 176 177 179 180 
 182 184 186 188 190 193 196 198 200 203 207 
 16 
 50 51 52 55 56 59 65 66 69 75 105 176 
 177 180 186 196 
 35 
 50 51 53 54 55 57 58 60 61 64 65 67 
 68 70 71 74 76 77 80 83 176 178 179 181 
 182 185 187 188 191 194 197 198 201 204 208 
 16 
 50 51 53 55 57 60 65 67 70 76 104 176 
 178 181 187 197 
 16 
 50 51 54 55 58 61 65 68 71 77 103 176 
 179 182 188 198 
 10 
 50 51 55 65 103 104 105 140 175 176 
 35 
 50 52 53 54 56 57 58 62 63 64 66 67 
 68 72 73 74 78 79 80 84 177 178 179 183 
 184 185 189 190 191 195 199 200 201 205 209 
 16 
 50 52 53 56 57 62 66 67 72 78 102 177 
 178 183 189 199 
 16 
 50 52 54 56 58 63 66 68 73 79 101 177 
 179 184 190 200 
 10 
 50 52 56 66 101 102 105 139 174 177 
 16 
 50 53 54 57 58 64 67 68 74 80 100 178 
 179 185 191 201 
 10 
 50 53 57 67 100 102 104 138 173 178 
 10 
 50 54 58 68 100 101 103 137 172 179 
 16 
 50 100 101 102 103 104 105 137 138 139 140 172 
 173 174 175 210 
 35 
 51 52 53 54 59 60 61 62 63 64 69 70 
 71 72 73 74 81 82 83 84 180 181 182 183 
 184 185 192 193 194 195 202 203 204 205 210 
 16 
 51 52 53 59 60 62 69 70 72 81 99 180 
 181 183 192 202 
 16 
 51 52 54 59 61 63 69 71 73 82 98 180 
 182 184 193 203 
 10 
 51 52 59 69 98 99 105 136 171 180 
 16 
 51 53 54 60 61 64 70 71 74 83 97 181 
 182 185 194 204 
 10 
 51 53 60 70 97 99 104 135 170 181 
 10 
 51 54 61 71 97 98 103 134 169 182 
 16 
 51 97 98 99 103 104 105 134 135 136 140 169 
 170 171 175 209 
 16 
 52 53 54 62 63 64 72 73 74 84 96 183 
 184 185 195 205 
 10 
 52 53 62 72 96 99 102 133 168 183 
 10 
 52 54 63 73 96 98 101 132 167 184 
 16 
 52 96 98 99 101 102 105 132 133 136 139 167 
 168 171 174 208 
 10 
 53 54 64 74 96 97 100 131 166 185 
 16 
 53 96 97 99 100 102 104 131 133 135 138 166 
 168 170 173 207 
 16 
 54 96 97 98 100 101 103 131 132 134 137 166 
 167 169 172 206 
 35 
 96 97 98 99 100 101 102 103 104 105 131 132 
 133 134 135 136 137 138 139 140 166 167 168 169 
 170 171 172 173 174 175 206 207 208 209 210 
 35 
 55 56 57 58 59 60 61 62 63 64 75 76 
 77 78 79 80 81 82 83 84 186 187 188 189 
 190 191 192 193 194 195 206 207 208 209 210 
 16 
 55 56 57 59 60 62 75 76 78 81 95 186 
 187 189 192 206 
 16 
 55 56 58 59 61 63 75 77 79 82 94 186 
 188 190 193 207 
 10 
 55 56 59 75 94 95 105 130 165 186 
 16 
 55 57 58 60 61 64 76 77 80 83 93 187 
 188 191 194 208 
 10 
 55 57 60 76 93 95 104 129 164 187 
 10 
 55 58 61 77 93 94 103 128 163 188 
 16 
 55 93 94 95 103 104 105 128 129 130 140 163 
 164 165 175 205 
 16 
 56 57 58 62 63 64 78 79 80 84 92 189 
 190 191 195 209 
 10 
 56 57 62 78 92 95 102 127 162 189 
 10 
 56 58 63 79 92 94 101 126 161 190 
 16 
 56 92 94 95 101 102 105 126 127 130 139 161 
 162 165 174 204 
 10 
 57 58 64 80 92 93 100 125 160 191 
 16 
 57 92 93 95 100 102 104 125 127 129 138 160 
 162 164 173 203 
 16 
 58 92 93 94 100 101 103 125 126 128 137 160 
 161 163 172 202 
 35 
 92 93 94 95 100 101 102 103 104 105 125 126 
 127 128 129 130 137 138 139 140 160 161 162 163 
 164 165 172 173 174 175 202 203 204 205 210 
 16 
 59 60 61 62 63 64 81 82 83 84 91 192 
 193 194 195 210 
 10 
 59 60 62 81 91 95 99 124 159 192 
 10 
 59 61 63 82 91 94 98 123 158 193 
 16 
 59 91 94 95 98 99 105 123 124 130 136 158 
 159 165 171 201 
 10 
 60 61 64 83 91 93 97 122 157 194 
 16 
 60 91 93 95 97 99 104 122 124 129 135 157 
 159 164 170 200 
 16 
 61 91 93 94 97 98 103 122 123 128 134 157 
 158 163 169 199 
 35 
 91 93 94 95 97 98 99 103 104 105 122 123 
 124 128 129 130 134 135 136 140 157 158 159 163 
 164 165 169 170 171 175 199 200 201 205 209 
 10 
 62 63 64 84 91 92 96 121 156 195 
 16 
 62 91 92 95 96 99 102 121 124 127 133 156 
 159 162 168 198 
 16 
 63 91 92 94 96 98 101 121 123 126 132 156 
 158 161 167 197 
 35 
 91 92 94 95 96 98 99 101 102 105 121 123 
 124 126 127 130 132 133 136 139 156 158 159 161 
 162 165 167 168 171 174 197 198 201 204 208 
 16 
 64 91 92 93 96 97 100 121 122 125 131 156 
 157 160 166 196 
 35 
 91 92 93 95 96 97 99 100 102 104 121 122 
 124 125 127 129 131 133 135 138 156 157 159 160 
 162 164 166 168 170 173 196 198 200 203 207 
 35 
 91 92 93 94 96 97 98 100 101 103 121 122 
 123 125 126 128 131 132 134 137 156 157 158 160 
 161 163 166 167 169 172 196 197 199 202 206 
 70 
 91 92 93 94 95 96 97 98 99 100 101 102 
 103 104 105 121 122 123 124 125 126 127 128 129 
 130 131 132 133 134 135 136 137 138 139 140 156 
 157 158 159 160 161 162 163 164 165 166 167 168 
 169 170 171 172 173 174 175 196 197 198 199 200 
 201 202 203 204 205 206 207 208 209 210 
 35 
 65 66 67 68 69 70 71 72 73 74 75 76 
 77 78 79 80 81 82 83 84 196 197 198 199 
 200 201 202 203 204 205 206 207 208 209 210 
 16 
 65 66 67 69 70 72 75 76 78 81 90 196 
 197 199 202 206 
 16 
 65 66 68 69 71 73 75 77 79 82 89 196 
 198 200 203 207 
 10 
 65 66 69 75 89 90 105 120 155 196 
 16 
 65 67 68 70 71 74 76 77 80 83 88 197 
 198 201 204 208 
 10 
 65 67 70 76 88 90 104 119 154 197 
 10 
 65 68 71 77 88 89 103 118 153 198 
 16 
 65 88 89 90 103 104 105 118 119 120 140 153 
 154 155 175 195 
 16 
 66 67 68 72 73 74 78 79 80 84 87 199 
 200 201 205 209 
 10 
 66 67 72 78 87 90 102 117 152 199 
 10 
 66 68 73 79 87 89 101 116 151 200 
 16 
 66 87 89 90 101 102 105 116 117 120 139 151 
 152 155 174 194 
 10 
 67 68 74 80 87 88 100 115 150 201 
 16 
 67 87 88 90 100 102 104 115 117 119 138 150 
 152 154 173 193 
 16 
 68 87 88 89 100 101 103 115 116 118 137 150 
 151 153 172 192 
 35 
 87 88 89 90 100 101 102 103 104 105 115 116 
 117 118 119 120 137 138 139 140 150 151 152 153 
 154 155 172 173 174 175 192 193 194 195 210 
 16 
 69 70 71 72 73 74 81 82 83 84 86 202 
 203 204 205 210 
 10 
 69 70 72 81 86 90 99 114 149 202 
 10 
 69 71 73 82 86 89 98 113 148 203 
 16 
 69 86 89 90 98 99 105 113 114 120 136 148 
 149 155 171 191 
 10 
 70 71 74 83 86 88 97 112 147 204 
 16 
 70 86 88 90 97 99 104 112 114 119 135 147 
 149 154 170 190 
 16 
 71 86 88 89 97 98 103 112 113 118 134 147 
 148 153 169 189 
 35 
 86 88 89 90 97 98 99 103 104 105 112 113 
 114 118 119 120 134 135 136 140 147 148 149 153 
 154 155 169 170 171 175 189 190 191 195 209 
 10 
 72 73 74 84 86 87 96 111 146 205 
 16 
 72 86 87 90 96 99 102 111 114 117 133 146 
 149 152 168 188 
 16 
 73 86 87 89 96 98 101 111 113 116 132 146 
 148 151 167 187 
 35 
 86 87 89 90 96 98 99 101 102 105 111 113 
 114 116 117 120 132 133 136 139 146 148 149 151 
 152 155 167 168 171 174 187 188 191 194 208 
 16 
 74 86 87 88 96 97 100 111 112 115 131 146 
 147 150 166 186 
 35 
 86 87 88 90 96 97 99 100 102 104 111 112 
 114 115 117 119 131 133 135 138 146 147 149 150 
 152 154 166 168 170 173 186 188 190 193 207 
 35 
 86 87 88 89 96 97 98 100 101 103 111 112 
 113 115 116 118 131 132 134 137 146 147 148 150 
 151 153 166 167 169 172 186 187 189 192 206 
 70 
 86 87 88 89 90 96 97 98 99 100 101 102 
 103 104 105 111 112 113 114 115 116 117 118 119 
 120 131 132 133 134 135 136 137 138 139 140 146 
 147 148 149 150 151 152 153 154 155 166 167 168 
 169 170 171 172 173 174 175 186 187 188 189 190 
 191 192 193 194 195 206 207 208 209 210 
 16 
 75 76 77 78 79 80 81 82 83 84 85 206 
 207 208 209 210 
 10 
 75 76 78 81 85 90 95 110 145 206 
 10 
 75 77 79 82 85 89 94 109 144 207 
 16 
 75 85 89 90 94 95 105 109 110 120 130 144 
 145 155 165 185 
 10 
 76 77 80 83 85 88 93 108 143 208 
 16 
 76 85 88 90 93 95 104 108 110 119 129 143 
 145 154 164 184 
 16 
 77 85 88 89 93 94 103 108 109 118 128 143 
 144 153 163 183 
 35 
 85 88 89 90 93 94 95 103 104 105 108 109 
 110 118 119 120 128 129 130 140 143 144 145 153 
 154 155 163 164 165 175 183 184 185 195 205 
 10 
 78 79 80 84 85 87 92 107 142 209 
 16 
 78 85 87 90 92 95 102 107 110 117 127 142 
 145 152 162 182 
 16 
 79 85 87 89 92 94 101 107 109 116 126 142 
 144 151 161 181 
 35 
 85 87 89 90 92 94 95 101 102 105 107 109 
 110 116 117 120 126 127 130 139 142 144 145 151 
 152 155 161 162 165 174 181 182 185 194 204 
 16 
 80 85 87 88 92 93 100 107 108 115 125 142 
 143 150 160 180 
 35 
 85 87 88 90 92 93 95 100 102 104 107 108 
 110 115 117 119 125 127 129 138 142 143 145 150 
 152 154 160 162 164 173 180 182 184 193 203 
 35 
 85 87 88 89 92 93 94 100 101 103 107 108 
 109 115 116 118 125 126 128 137 142 143 144 150 
 151 153 160 161 163 172 180 181 183 192 202 
 70 
 85 87 88 89 90 92 93 94 95 100 101 102 
 103 104 105 107 108 109 110 115 116 117 118 119 
 120 125 126 127 128 129 130 137 138 139 140 142 
 143 144 145 150 151 152 153 154 155 160 161 162 
 163 164 165 172 173 174 175 180 181 182 183 184 
 185 192 193 194 195 202 203 204 205 210 
 10 
 81 82 83 84 85 86 91 106 141 210 
 16 
 81 85 86 90 91 95 99 106 110 114 124 141 
 145 149 159 179 
 16 
 82 85 86 89 91 94 98 106 109 113 123 141 
 144 148 158 178 
 35 
 85 86 89 90 91 94 95 98 99 105 106 109 
 110 113 114 120 123 124 130 136 141 144 145 148 
 149 155 158 159 165 171 178 179 185 191 201 
 16 
 83 85 86 88 91 93 97 106 108 112 122 141 
 143 147 157 177 
 35 
 85 86 88 90 91 93 95 97 99 104 106 108 
 110 112 114 119 122 124 129 135 141 143 145 147 
 149 154 157 159 164 170 177 179 184 190 200 
 35 
 85 86 88 89 91 93 94 97 98 103 106 108 
 109 112 113 118 122 123 128 134 141 143 144 147 
 148 153 157 158 163 169 177 178 183 189 199 
 70 
 85 86 88 89 90 91 93 94 95 97 98 99 
 103 104 105 106 108 109 110 112 113 114 118 119 
 120 122 123 124 128 129 130 134 135 136 140 141 
 143 144 145 147 148 149 153 154 155 157 158 159 
 163 164 165 169 170 171 175 177 178 179 183 184 
 185 189 190 191 195 199 200 201 205 209 
 16 
 84 85 86 87 91 92 96 106 107 111 121 141 
 142 146 156 176 
 35 
 85 86 87 90 91 92 95 96 99 102 106 107 
 110 111 114 117 121 124 127 133 141 142 145 146 
 149 152 156 159 162 168 176 179 182 188 198 
 35 
 85 86 87 89 91 92 94 96 98 101 106 107 
 109 111 113 116 121 123 126 132 141 142 144 146 
 148 151 156 158 161 167 176 178 181 187 197 
 70 
 85 86 87 89 90 91 92 94 95 96 98 99 
 101 102 105 106 107 109 110 111 113 114 116 117 
 120 121 123 124 126 127 130 132 133 136 139 141 
 142 144 145 146 148 149 151 152 155 156 158 159 
 161 162 165 167 168 171 174 176 178 179 181 182 
 185 187 188 191 194 197 198 201 204 208 
 35 
 85 86 87 88 91 92 93 96 97 100 106 107 
 108 111 112 115 121 122 125 131 141 142 143 146 
 147 150 156 157 160 166 176 177 180 186 196 
 70 
 85 86 87 88 90 91 92 93 95 96 97 99 
 100 102 104 106 107 108 110 111 112 114 115 117 
 119 121 122 124 125 127 129 131 133 135 138 141 
 142 143 145 146 147 149 150 152 154 156 157 159 
 160 162 164 166 168 170 173 176 177 179 180 182 
 184 186 188 190 193 196 198 200 203 207 
 70 
 85 86 87 88 89 91 92 93 94 96 97 98 
 100 101 103 106 107 108 109 111 112 113 115 116 
 118 121 122 123 125 126 128 131 132 134 137 141 
 142 143 144 146 147 148 150 151 153 156 157 158 
 160 161 163 166 167 169 172 176 177 178 180 181 
 183 186 187 189 192 196 197 199 202 206 
 126 
 85 86 87 88 89 90 91 92 93 94 95 96 
 97 98 99 100 101 102 103 104 105 106 107 108 
 109 110 111 112 113 114 115 116 117 118 119 120 
 121 122 123 124 125 126 127 128 129 130 131 132 
 133 134 135 136 137 138 139 140 141 142 143 144 
 145 146 147 148 149 150 151 152 153 154 155 156 
 157 158 159 160 161 162 163 164 165 166 167 168 
 169 170 171 172 173 174 175 176 177 178 179 180 
 181 182 183 184 185 186 187 188 189 190 191 192 
 193 194 195 196 197 198 199 200 201 202 203 204 
 205 206 207 208 209 210 

