 240 192 
 1 1 1 1 1 1 1 1 1 1 1 1 
 1 1 1 1 1 1 1 1 1 1 1 1 
 1 1 1 1 1 1 1 1 1 1 1 1 
 1 1 1 1 1 1 1 1 1 1 1 1 
 1 1 1 1 1 1 1 1 1 1 1 1 
 1 1 1 1 1 1 1 1 1 1 1 1 
 1 1 1 1 1 1 1 1 1 1 1 1 
 1 1 1 1 1 1 1 1 1 1 1 1 
 1 1 1 1 1 1 1 1 1 1 1 1 
 1 1 1 1 1 1 1 1 1 1 1 1 
 1 1 1 1 1 1 1 1 1 1 1 1 
 1 1 1 1 1 1 1 1 1 1 1 1 
 1 1 1 1 1 1 1 1 1 1 1 1 
 1 1 1 1 1 1 1 1 1 1 1 1 
 1 1 1 1 1 1 1 1 1 1 1 1 
 1 1 1 1 1 1 1 1 1 1 1 1 
 4 
 2 4 3 1 
 4 
 5 7 6 1 
 4 
 5 9 8 2 
 4 
 13 15 14 1 
 4 
 13 17 16 2 
 4 
 13 22 21 5 
 4 
 33 35 34 1 
 4 
 33 37 36 2 
 4 
 33 42 41 5 
 4 
 33 54 53 13 
 4 
 81 83 82 1 
 4 
 81 85 84 2 
 4 
 81 90 89 5 
 4 
 81 102 101 13 
 4 
 81 130 129 33 
 4 
 6 11 10 3 
 4 
 14 19 18 3 
 4 
 14 24 23 6 
 4 
 34 39 38 3 
 4 
 34 44 43 6 
 4 
 34 56 55 14 
 4 
 82 87 86 3 
 4 
 82 92 91 6 
 4 
 82 104 103 14 
 4 
 82 132 131 34 
 4 
 8 12 10 4 
 4 
 16 20 18 4 
 4 
 16 27 26 8 
 4 
 36 40 38 4 
 4 
 36 47 46 8 
 4 
 36 59 58 16 
 4 
 84 88 86 4 
 4 
 84 95 94 8 
 4 
 84 107 106 16 
 4 
 84 135 134 36 
 4 
 18 30 29 10 
 4 
 38 50 49 10 
 4 
 38 62 61 18 
 4 
 86 98 97 10 
 4 
 86 110 109 18 
 4 
 86 138 137 38 
 4 
 9 12 11 7 
 4 
 21 25 23 7 
 4 
 21 28 26 9 
 4 
 41 45 43 7 
 4 
 41 48 46 9 
 4 
 41 66 65 21 
 4 
 89 93 91 7 
 4 
 89 96 94 9 
 4 
 89 114 113 21 
 4 
 89 142 141 41 
 4 
 23 31 29 11 
 4 
 43 51 49 11 
 4 
 43 69 68 23 
 4 
 91 99 97 11 
 4 
 91 117 116 23 
 4 
 91 145 144 43 
 4 
 26 32 29 12 
 4 
 46 52 49 12 
 4 
 46 73 72 26 
 4 
 94 100 97 12 
 4 
 94 121 120 26 
 4 
 94 149 148 46 
 4 
 49 77 76 29 
 4 
 97 125 124 29 
 4 
 97 153 152 49 
 4 
 17 20 19 15 
 4 
 22 25 24 15 
 4 
 22 28 27 17 
 4 
 53 57 55 15 
 4 
 53 60 58 17 
 4 
 53 67 65 22 
 4 
 101 105 103 15 
 4 
 101 108 106 17 
 4 
 101 115 113 22 
 4 
 101 158 157 53 
 4 
 24 31 30 19 
 4 
 55 63 61 19 
 4 
 55 70 68 24 
 4 
 103 111 109 19 
 4 
 103 118 116 24 
 4 
 103 161 160 55 
 4 
 27 32 30 20 
 4 
 58 64 61 20 
 4 
 58 74 72 27 
 4 
 106 112 109 20 
 4 
 106 122 120 27 
 4 
 106 165 164 58 
 4 
 61 78 76 30 
 4 
 109 126 124 30 
 4 
 109 169 168 61 
 4 
 28 32 31 25 
 4 
 65 71 68 25 
 4 
 65 75 72 28 
 4 
 113 119 116 25 
 4 
 113 123 120 28 
 4 
 113 174 173 65 
 4 
 68 79 76 31 
 4 
 116 127 124 31 
 4 
 116 178 177 68 
 4 
 72 80 76 32 
 4 
 120 128 124 32 
 4 
 120 183 182 72 
 4 
 124 188 187 76 
 4 
 37 40 39 35 
 4 
 42 45 44 35 
 4 
 42 48 47 37 
 4 
 54 57 56 35 
 4 
 54 60 59 37 
 4 
 54 67 66 42 
 4 
 129 133 131 35 
 4 
 129 136 134 37 
 4 
 129 143 141 42 
 4 
 129 159 157 54 
 4 
 44 51 50 39 
 4 
 56 63 62 39 
 4 
 56 70 69 44 
 4 
 131 139 137 39 
 4 
 131 146 144 44 
 4 
 131 162 160 56 
 4 
 47 52 50 40 
 4 
 59 64 62 40 
 4 
 59 74 73 47 
 4 
 134 140 137 40 
 4 
 134 150 148 47 
 4 
 134 166 164 59 
 4 
 62 78 77 50 
 4 
 137 154 152 50 
 4 
 137 170 168 62 
 4 
 48 52 51 45 
 4 
 66 71 69 45 
 4 
 66 75 73 48 
 4 
 141 147 144 45 
 4 
 141 151 148 48 
 4 
 141 175 173 66 
 4 
 69 79 77 51 
 4 
 144 155 152 51 
 4 
 144 179 177 69 
 4 
 73 80 77 52 
 4 
 148 156 152 52 
 4 
 148 184 182 73 
 4 
 152 189 187 77 
 4 
 60 64 63 57 
 4 
 67 71 70 57 
 4 
 67 75 74 60 
 4 
 157 163 160 57 
 4 
 157 167 164 60 
 4 
 157 176 173 67 
 4 
 70 79 78 63 
 4 
 160 171 168 63 
 4 
 160 180 177 70 
 4 
 74 80 78 64 
 4 
 164 172 168 64 
 4 
 164 185 182 74 
 4 
 168 190 187 78 
 4 
 75 80 79 71 
 4 
 173 181 177 71 
 4 
 173 186 182 75 
 4 
 177 191 187 79 
 4 
 182 192 187 80 
 4 
 85 88 87 83 
 4 
 90 93 92 83 
 4 
 90 96 95 85 
 4 
 102 105 104 83 
 4 
 102 108 107 85 
 4 
 102 115 114 90 
 4 
 130 133 132 83 
 4 
 130 136 135 85 
 4 
 130 143 142 90 
 4 
 130 159 158 102 
 4 
 92 99 98 87 
 4 
 104 111 110 87 
 4 
 104 118 117 92 
 4 
 132 139 138 87 
 4 
 132 146 145 92 
 4 
 132 162 161 104 
 4 
 95 100 98 88 
 4 
 107 112 110 88 
 4 
 107 122 121 95 
 4 
 135 140 138 88 
 4 
 135 150 149 95 
 4 
 135 166 165 107 
 4 
 110 126 125 98 
 4 
 138 154 153 98 
 4 
 138 170 169 110 
 4 
 96 100 99 93 
 4 
 114 119 117 93 
 4 
 114 123 121 96 
 4 
 142 147 145 93 
 4 
 142 151 149 96 
 4 
 142 175 174 114 
 4 
 117 127 125 99 
 4 
 145 155 153 99 
 4 
 145 179 178 117 
 4 
 121 128 125 100 
 4 
 149 156 153 100 
 4 
 149 184 183 121 
 4 
 153 189 188 125 
 4 
 108 112 111 105 
 4 
 115 119 118 105 
 4 
 115 123 122 108 
 4 
 158 163 161 105 
 4 
 158 167 165 108 
 4 
 158 176 174 115 
 4 
 118 127 126 111 
 4 
 161 171 169 111 
 4 
 161 180 178 118 
 4 
 122 128 126 112 
 4 
 165 172 169 112 
 4 
 165 185 183 122 
 4 
 169 190 188 126 
 4 
 123 128 127 119 
 4 
 174 181 178 119 
 4 
 174 186 183 123 
 4 
 178 191 188 127 
 4 
 183 192 188 128 
 4 
 136 140 139 133 
 4 
 143 147 146 133 
 4 
 143 151 150 136 
 4 
 159 163 162 133 
 4 
 159 167 166 136 
 4 
 159 176 175 143 
 4 
 146 155 154 139 
 4 
 162 171 170 139 
 4 
 162 180 179 146 
 4 
 150 156 154 140 
 4 
 166 172 170 140 
 4 
 166 185 184 150 
 4 
 170 190 189 154 
 4 
 151 156 155 147 
 4 
 175 181 179 147 
 4 
 175 186 184 151 
 4 
 179 191 189 155 
 4 
 184 192 189 156 
 4 
 167 172 171 163 
 4 
 176 181 180 163 
 4 
 176 186 185 167 
 4 
 180 191 190 171 
 4 
 185 192 190 172 
 4 
 186 192 191 181 

