 1792 1024 
 1 1 1 1 1 1 1 1 1 1 1 1 
 1 1 1 1 1 1 1 1 1 1 1 1 
 1 1 1 1 1 1 1 1 1 1 1 1 
 1 1 1 1 1 1 1 1 1 1 1 1 
 1 1 1 1 1 1 1 1 1 1 1 1 
 1 1 1 1 1 1 1 1 1 1 1 1 
 1 1 1 1 1 1 1 1 1 1 1 1 
 1 1 1 1 1 1 1 1 1 1 1 1 
 1 1 1 1 1 1 1 1 1 1 1 1 
 1 1 1 1 1 1 1 1 1 1 1 1 
 1 1 1 1 1 1 1 1 1 1 1 1 
 1 1 1 1 1 1 1 1 1 1 1 1 
 1 1 1 1 1 1 1 1 1 1 1 1 
 1 1 1 1 1 1 1 1 1 1 1 1 
 1 1 1 1 1 1 1 1 1 1 1 1 
 1 1 1 1 1 1 1 1 1 1 1 1 
 1 1 1 1 1 1 1 1 1 1 1 1 
 1 1 1 1 1 1 1 1 1 1 1 1 
 1 1 1 1 1 1 1 1 1 1 1 1 
 1 1 1 1 1 1 1 1 1 1 1 1 
 1 1 1 1 1 1 1 1 1 1 1 1 
 1 1 1 1 1 1 1 1 1 1 1 1 
 1 1 1 1 1 1 1 1 1 1 1 1 
 1 1 1 1 1 1 1 1 1 1 1 1 
 1 1 1 1 1 1 1 1 1 1 1 1 
 1 1 1 1 1 1 1 1 1 1 1 1 
 1 1 1 1 1 1 1 1 1 1 1 1 
 1 1 1 1 1 1 1 1 1 1 1 1 
 1 1 1 1 1 1 1 1 1 1 1 1 
 1 1 1 1 1 1 1 1 1 1 1 1 
 1 1 1 1 1 1 1 1 1 1 1 1 
 1 1 1 1 1 1 1 1 1 1 1 1 
 1 1 1 1 1 1 1 1 1 1 1 1 
 1 1 1 1 1 1 1 1 1 1 1 1 
 1 1 1 1 1 1 1 1 1 1 1 1 
 1 1 1 1 1 1 1 1 1 1 1 1 
 1 1 1 1 1 1 1 1 1 1 1 1 
 1 1 1 1 1 1 1 1 1 1 1 1 
 1 1 1 1 1 1 1 1 1 1 1 1 
 1 1 1 1 1 1 1 1 1 1 1 1 
 1 1 1 1 1 1 1 1 1 1 1 1 
 1 1 1 1 1 1 1 1 1 1 1 1 
 1 1 1 1 1 1 1 1 1 1 1 1 
 1 1 1 1 1 1 1 1 1 1 1 1 
 1 1 1 1 1 1 1 1 1 1 1 1 
 1 1 1 1 1 1 1 1 1 1 1 1 
 1 1 1 1 1 1 1 1 1 1 1 1 
 1 1 1 1 1 1 1 1 1 1 1 1 
 1 1 1 1 1 1 1 1 1 1 1 1 
 1 1 1 1 1 1 1 1 1 1 1 1 
 1 1 1 1 1 1 1 1 1 1 1 1 
 1 1 1 1 1 1 1 1 1 1 1 1 
 1 1 1 1 1 1 1 1 1 1 1 1 
 1 1 1 1 1 1 1 1 1 1 1 1 
 1 1 1 1 1 1 1 1 1 1 1 1 
 1 1 1 1 1 1 1 1 1 1 1 1 
 1 1 1 1 1 1 1 1 1 1 1 1 
 1 1 1 1 1 1 1 1 1 1 1 1 
 1 1 1 1 1 1 1 1 1 1 1 1 
 1 1 1 1 1 1 1 1 1 1 1 1 
 1 1 1 1 1 1 1 1 1 1 1 1 
 1 1 1 1 1 1 1 1 1 1 1 1 
 1 1 1 1 1 1 1 1 1 1 1 1 
 1 1 1 1 1 1 1 1 1 1 1 1 
 1 1 1 1 1 1 1 1 1 1 1 1 
 1 1 1 1 1 1 1 1 1 1 1 1 
 1 1 1 1 1 1 1 1 1 1 1 1 
 1 1 1 1 1 1 1 1 1 1 1 1 
 1 1 1 1 1 1 1 1 1 1 1 1 
 1 1 1 1 1 1 1 1 1 1 1 1 
 1 1 1 1 1 1 1 1 1 1 1 1 
 1 1 1 1 1 1 1 1 1 1 1 1 
 1 1 1 1 1 1 1 1 1 1 1 1 
 1 1 1 1 1 1 1 1 1 1 1 1 
 1 1 1 1 1 1 1 1 1 1 1 1 
 1 1 1 1 1 1 1 1 1 1 1 1 
 1 1 1 1 1 1 1 1 1 1 1 1 
 1 1 1 1 1 1 1 1 1 1 1 1 
 1 1 1 1 1 1 1 1 1 1 1 1 
 1 1 1 1 1 1 1 1 1 1 1 1 
 1 1 1 1 1 1 1 1 1 1 1 1 
 1 1 1 1 1 1 1 1 1 1 1 1 
 1 1 1 1 1 1 1 1 1 1 1 1 
 1 1 1 1 1 1 1 1 1 1 1 1 
 1 1 1 1 1 1 1 1 1 1 1 1 
 1 1 1 1 
 4 
 2 4 3 1 
 4 
 5 7 6 1 
 4 
 5 9 8 2 
 4 
 13 15 14 1 
 4 
 13 17 16 2 
 4 
 13 22 21 5 
 4 
 33 35 34 1 
 4 
 33 37 36 2 
 4 
 33 42 41 5 
 4 
 33 54 53 13 
 4 
 81 83 82 1 
 4 
 81 85 84 2 
 4 
 81 90 89 5 
 4 
 81 102 101 13 
 4 
 81 130 129 33 
 4 
 193 195 194 1 
 4 
 193 197 196 2 
 4 
 193 202 201 5 
 4 
 193 214 213 13 
 4 
 193 242 241 33 
 4 
 193 306 305 81 
 4 
 449 451 450 1 
 4 
 449 453 452 2 
 4 
 449 458 457 5 
 4 
 449 470 469 13 
 4 
 449 498 497 33 
 4 
 449 562 561 81 
 4 
 449 706 705 193 
 4 
 6 11 10 3 
 4 
 14 19 18 3 
 4 
 14 24 23 6 
 4 
 34 39 38 3 
 4 
 34 44 43 6 
 4 
 34 56 55 14 
 4 
 82 87 86 3 
 4 
 82 92 91 6 
 4 
 82 104 103 14 
 4 
 82 132 131 34 
 4 
 194 199 198 3 
 4 
 194 204 203 6 
 4 
 194 216 215 14 
 4 
 194 244 243 34 
 4 
 194 308 307 82 
 4 
 450 455 454 3 
 4 
 450 460 459 6 
 4 
 450 472 471 14 
 4 
 450 500 499 34 
 4 
 450 564 563 82 
 4 
 450 708 707 194 
 4 
 8 12 10 4 
 4 
 16 20 18 4 
 4 
 16 27 26 8 
 4 
 36 40 38 4 
 4 
 36 47 46 8 
 4 
 36 59 58 16 
 4 
 84 88 86 4 
 4 
 84 95 94 8 
 4 
 84 107 106 16 
 4 
 84 135 134 36 
 4 
 196 200 198 4 
 4 
 196 207 206 8 
 4 
 196 219 218 16 
 4 
 196 247 246 36 
 4 
 196 311 310 84 
 4 
 452 456 454 4 
 4 
 452 463 462 8 
 4 
 452 475 474 16 
 4 
 452 503 502 36 
 4 
 452 567 566 84 
 4 
 452 711 710 196 
 4 
 18 30 29 10 
 4 
 38 50 49 10 
 4 
 38 62 61 18 
 4 
 86 98 97 10 
 4 
 86 110 109 18 
 4 
 86 138 137 38 
 4 
 198 210 209 10 
 4 
 198 222 221 18 
 4 
 198 250 249 38 
 4 
 198 314 313 86 
 4 
 454 466 465 10 
 4 
 454 478 477 18 
 4 
 454 506 505 38 
 4 
 454 570 569 86 
 4 
 454 714 713 198 
 4 
 9 12 11 7 
 4 
 21 25 23 7 
 4 
 21 28 26 9 
 4 
 41 45 43 7 
 4 
 41 48 46 9 
 4 
 41 66 65 21 
 4 
 89 93 91 7 
 4 
 89 96 94 9 
 4 
 89 114 113 21 
 4 
 89 142 141 41 
 4 
 201 205 203 7 
 4 
 201 208 206 9 
 4 
 201 226 225 21 
 4 
 201 254 253 41 
 4 
 201 318 317 89 
 4 
 457 461 459 7 
 4 
 457 464 462 9 
 4 
 457 482 481 21 
 4 
 457 510 509 41 
 4 
 457 574 573 89 
 4 
 457 718 717 201 
 4 
 23 31 29 11 
 4 
 43 51 49 11 
 4 
 43 69 68 23 
 4 
 91 99 97 11 
 4 
 91 117 116 23 
 4 
 91 145 144 43 
 4 
 203 211 209 11 
 4 
 203 229 228 23 
 4 
 203 257 256 43 
 4 
 203 321 320 91 
 4 
 459 467 465 11 
 4 
 459 485 484 23 
 4 
 459 513 512 43 
 4 
 459 577 576 91 
 4 
 459 721 720 203 
 4 
 26 32 29 12 
 4 
 46 52 49 12 
 4 
 46 73 72 26 
 4 
 94 100 97 12 
 4 
 94 121 120 26 
 4 
 94 149 148 46 
 4 
 206 212 209 12 
 4 
 206 233 232 26 
 4 
 206 261 260 46 
 4 
 206 325 324 94 
 4 
 462 468 465 12 
 4 
 462 489 488 26 
 4 
 462 517 516 46 
 4 
 462 581 580 94 
 4 
 462 725 724 206 
 4 
 49 77 76 29 
 4 
 97 125 124 29 
 4 
 97 153 152 49 
 4 
 209 237 236 29 
 4 
 209 265 264 49 
 4 
 209 329 328 97 
 4 
 465 493 492 29 
 4 
 465 521 520 49 
 4 
 465 585 584 97 
 4 
 465 729 728 209 
 4 
 17 20 19 15 
 4 
 22 25 24 15 
 4 
 22 28 27 17 
 4 
 53 57 55 15 
 4 
 53 60 58 17 
 4 
 53 67 65 22 
 4 
 101 105 103 15 
 4 
 101 108 106 17 
 4 
 101 115 113 22 
 4 
 101 158 157 53 
 4 
 213 217 215 15 
 4 
 213 220 218 17 
 4 
 213 227 225 22 
 4 
 213 270 269 53 
 4 
 213 334 333 101 
 4 
 469 473 471 15 
 4 
 469 476 474 17 
 4 
 469 483 481 22 
 4 
 469 526 525 53 
 4 
 469 590 589 101 
 4 
 469 734 733 213 
 4 
 24 31 30 19 
 4 
 55 63 61 19 
 4 
 55 70 68 24 
 4 
 103 111 109 19 
 4 
 103 118 116 24 
 4 
 103 161 160 55 
 4 
 215 223 221 19 
 4 
 215 230 228 24 
 4 
 215 273 272 55 
 4 
 215 337 336 103 
 4 
 471 479 477 19 
 4 
 471 486 484 24 
 4 
 471 529 528 55 
 4 
 471 593 592 103 
 4 
 471 737 736 215 
 4 
 27 32 30 20 
 4 
 58 64 61 20 
 4 
 58 74 72 27 
 4 
 106 112 109 20 
 4 
 106 122 120 27 
 4 
 106 165 164 58 
 4 
 218 224 221 20 
 4 
 218 234 232 27 
 4 
 218 277 276 58 
 4 
 218 341 340 106 
 4 
 474 480 477 20 
 4 
 474 490 488 27 
 4 
 474 533 532 58 
 4 
 474 597 596 106 
 4 
 474 741 740 218 
 4 
 61 78 76 30 
 4 
 109 126 124 30 
 4 
 109 169 168 61 
 4 
 221 238 236 30 
 4 
 221 281 280 61 
 4 
 221 345 344 109 
 4 
 477 494 492 30 
 4 
 477 537 536 61 
 4 
 477 601 600 109 
 4 
 477 745 744 221 
 4 
 28 32 31 25 
 4 
 65 71 68 25 
 4 
 65 75 72 28 
 4 
 113 119 116 25 
 4 
 113 123 120 28 
 4 
 113 174 173 65 
 4 
 225 231 228 25 
 4 
 225 235 232 28 
 4 
 225 286 285 65 
 4 
 225 350 349 113 
 4 
 481 487 484 25 
 4 
 481 491 488 28 
 4 
 481 542 541 65 
 4 
 481 606 605 113 
 4 
 481 750 749 225 
 4 
 68 79 76 31 
 4 
 116 127 124 31 
 4 
 116 178 177 68 
 4 
 228 239 236 31 
 4 
 228 290 289 68 
 4 
 228 354 353 116 
 4 
 484 495 492 31 
 4 
 484 546 545 68 
 4 
 484 610 609 116 
 4 
 484 754 753 228 
 4 
 72 80 76 32 
 4 
 120 128 124 32 
 4 
 120 183 182 72 
 4 
 232 240 236 32 
 4 
 232 295 294 72 
 4 
 232 359 358 120 
 4 
 488 496 492 32 
 4 
 488 551 550 72 
 4 
 488 615 614 120 
 4 
 488 759 758 232 
 4 
 124 188 187 76 
 4 
 236 300 299 76 
 4 
 236 364 363 124 
 4 
 492 556 555 76 
 4 
 492 620 619 124 
 4 
 492 764 763 236 
 4 
 37 40 39 35 
 4 
 42 45 44 35 
 4 
 42 48 47 37 
 4 
 54 57 56 35 
 4 
 54 60 59 37 
 4 
 54 67 66 42 
 4 
 129 133 131 35 
 4 
 129 136 134 37 
 4 
 129 143 141 42 
 4 
 129 159 157 54 
 4 
 241 245 243 35 
 4 
 241 248 246 37 
 4 
 241 255 253 42 
 4 
 241 271 269 54 
 4 
 241 370 369 129 
 4 
 497 501 499 35 
 4 
 497 504 502 37 
 4 
 497 511 509 42 
 4 
 497 527 525 54 
 4 
 497 626 625 129 
 4 
 497 770 769 241 
 4 
 44 51 50 39 
 4 
 56 63 62 39 
 4 
 56 70 69 44 
 4 
 131 139 137 39 
 4 
 131 146 144 44 
 4 
 131 162 160 56 
 4 
 243 251 249 39 
 4 
 243 258 256 44 
 4 
 243 274 272 56 
 4 
 243 373 372 131 
 4 
 499 507 505 39 
 4 
 499 514 512 44 
 4 
 499 530 528 56 
 4 
 499 629 628 131 
 4 
 499 773 772 243 
 4 
 47 52 50 40 
 4 
 59 64 62 40 
 4 
 59 74 73 47 
 4 
 134 140 137 40 
 4 
 134 150 148 47 
 4 
 134 166 164 59 
 4 
 246 252 249 40 
 4 
 246 262 260 47 
 4 
 246 278 276 59 
 4 
 246 377 376 134 
 4 
 502 508 505 40 
 4 
 502 518 516 47 
 4 
 502 534 532 59 
 4 
 502 633 632 134 
 4 
 502 777 776 246 
 4 
 62 78 77 50 
 4 
 137 154 152 50 
 4 
 137 170 168 62 
 4 
 249 266 264 50 
 4 
 249 282 280 62 
 4 
 249 381 380 137 
 4 
 505 522 520 50 
 4 
 505 538 536 62 
 4 
 505 637 636 137 
 4 
 505 781 780 249 
 4 
 48 52 51 45 
 4 
 66 71 69 45 
 4 
 66 75 73 48 
 4 
 141 147 144 45 
 4 
 141 151 148 48 
 4 
 141 175 173 66 
 4 
 253 259 256 45 
 4 
 253 263 260 48 
 4 
 253 287 285 66 
 4 
 253 386 385 141 
 4 
 509 515 512 45 
 4 
 509 519 516 48 
 4 
 509 543 541 66 
 4 
 509 642 641 141 
 4 
 509 786 785 253 
 4 
 69 79 77 51 
 4 
 144 155 152 51 
 4 
 144 179 177 69 
 4 
 256 267 264 51 
 4 
 256 291 289 69 
 4 
 256 390 389 144 
 4 
 512 523 520 51 
 4 
 512 547 545 69 
 4 
 512 646 645 144 
 4 
 512 790 789 256 
 4 
 73 80 77 52 
 4 
 148 156 152 52 
 4 
 148 184 182 73 
 4 
 260 268 264 52 
 4 
 260 296 294 73 
 4 
 260 395 394 148 
 4 
 516 524 520 52 
 4 
 516 552 550 73 
 4 
 516 651 650 148 
 4 
 516 795 794 260 
 4 
 152 189 187 77 
 4 
 264 301 299 77 
 4 
 264 400 399 152 
 4 
 520 557 555 77 
 4 
 520 656 655 152 
 4 
 520 800 799 264 
 4 
 60 64 63 57 
 4 
 67 71 70 57 
 4 
 67 75 74 60 
 4 
 157 163 160 57 
 4 
 157 167 164 60 
 4 
 157 176 173 67 
 4 
 269 275 272 57 
 4 
 269 279 276 60 
 4 
 269 288 285 67 
 4 
 269 406 405 157 
 4 
 525 531 528 57 
 4 
 525 535 532 60 
 4 
 525 544 541 67 
 4 
 525 662 661 157 
 4 
 525 806 805 269 
 4 
 70 79 78 63 
 4 
 160 171 168 63 
 4 
 160 180 177 70 
 4 
 272 283 280 63 
 4 
 272 292 289 70 
 4 
 272 410 409 160 
 4 
 528 539 536 63 
 4 
 528 548 545 70 
 4 
 528 666 665 160 
 4 
 528 810 809 272 
 4 
 74 80 78 64 
 4 
 164 172 168 64 
 4 
 164 185 182 74 
 4 
 276 284 280 64 
 4 
 276 297 294 74 
 4 
 276 415 414 164 
 4 
 532 540 536 64 
 4 
 532 553 550 74 
 4 
 532 671 670 164 
 4 
 532 815 814 276 
 4 
 168 190 187 78 
 4 
 280 302 299 78 
 4 
 280 420 419 168 
 4 
 536 558 555 78 
 4 
 536 676 675 168 
 4 
 536 820 819 280 
 4 
 75 80 79 71 
 4 
 173 181 177 71 
 4 
 173 186 182 75 
 4 
 285 293 289 71 
 4 
 285 298 294 75 
 4 
 285 426 425 173 
 4 
 541 549 545 71 
 4 
 541 554 550 75 
 4 
 541 682 681 173 
 4 
 541 826 825 285 
 4 
 177 191 187 79 
 4 
 289 303 299 79 
 4 
 289 431 430 177 
 4 
 545 559 555 79 
 4 
 545 687 686 177 
 4 
 545 831 830 289 
 4 
 182 192 187 80 
 4 
 294 304 299 80 
 4 
 294 437 436 182 
 4 
 550 560 555 80 
 4 
 550 693 692 182 
 4 
 550 837 836 294 
 4 
 299 443 442 187 
 4 
 555 699 698 187 
 4 
 555 843 842 299 
 4 
 85 88 87 83 
 4 
 90 93 92 83 
 4 
 90 96 95 85 
 4 
 102 105 104 83 
 4 
 102 108 107 85 
 4 
 102 115 114 90 
 4 
 130 133 132 83 
 4 
 130 136 135 85 
 4 
 130 143 142 90 
 4 
 130 159 158 102 
 4 
 305 309 307 83 
 4 
 305 312 310 85 
 4 
 305 319 317 90 
 4 
 305 335 333 102 
 4 
 305 371 369 130 
 4 
 561 565 563 83 
 4 
 561 568 566 85 
 4 
 561 575 573 90 
 4 
 561 591 589 102 
 4 
 561 627 625 130 
 4 
 561 850 849 305 
 4 
 92 99 98 87 
 4 
 104 111 110 87 
 4 
 104 118 117 92 
 4 
 132 139 138 87 
 4 
 132 146 145 92 
 4 
 132 162 161 104 
 4 
 307 315 313 87 
 4 
 307 322 320 92 
 4 
 307 338 336 104 
 4 
 307 374 372 132 
 4 
 563 571 569 87 
 4 
 563 578 576 92 
 4 
 563 594 592 104 
 4 
 563 630 628 132 
 4 
 563 853 852 307 
 4 
 95 100 98 88 
 4 
 107 112 110 88 
 4 
 107 122 121 95 
 4 
 135 140 138 88 
 4 
 135 150 149 95 
 4 
 135 166 165 107 
 4 
 310 316 313 88 
 4 
 310 326 324 95 
 4 
 310 342 340 107 
 4 
 310 378 376 135 
 4 
 566 572 569 88 
 4 
 566 582 580 95 
 4 
 566 598 596 107 
 4 
 566 634 632 135 
 4 
 566 857 856 310 
 4 
 110 126 125 98 
 4 
 138 154 153 98 
 4 
 138 170 169 110 
 4 
 313 330 328 98 
 4 
 313 346 344 110 
 4 
 313 382 380 138 
 4 
 569 586 584 98 
 4 
 569 602 600 110 
 4 
 569 638 636 138 
 4 
 569 861 860 313 
 4 
 96 100 99 93 
 4 
 114 119 117 93 
 4 
 114 123 121 96 
 4 
 142 147 145 93 
 4 
 142 151 149 96 
 4 
 142 175 174 114 
 4 
 317 323 320 93 
 4 
 317 327 324 96 
 4 
 317 351 349 114 
 4 
 317 387 385 142 
 4 
 573 579 576 93 
 4 
 573 583 580 96 
 4 
 573 607 605 114 
 4 
 573 643 641 142 
 4 
 573 866 865 317 
 4 
 117 127 125 99 
 4 
 145 155 153 99 
 4 
 145 179 178 117 
 4 
 320 331 328 99 
 4 
 320 355 353 117 
 4 
 320 391 389 145 
 4 
 576 587 584 99 
 4 
 576 611 609 117 
 4 
 576 647 645 145 
 4 
 576 870 869 320 
 4 
 121 128 125 100 
 4 
 149 156 153 100 
 4 
 149 184 183 121 
 4 
 324 332 328 100 
 4 
 324 360 358 121 
 4 
 324 396 394 149 
 4 
 580 588 584 100 
 4 
 580 616 614 121 
 4 
 580 652 650 149 
 4 
 580 875 874 324 
 4 
 153 189 188 125 
 4 
 328 365 363 125 
 4 
 328 401 399 153 
 4 
 584 621 619 125 
 4 
 584 657 655 153 
 4 
 584 880 879 328 
 4 
 108 112 111 105 
 4 
 115 119 118 105 
 4 
 115 123 122 108 
 4 
 158 163 161 105 
 4 
 158 167 165 108 
 4 
 158 176 174 115 
 4 
 333 339 336 105 
 4 
 333 343 340 108 
 4 
 333 352 349 115 
 4 
 333 407 405 158 
 4 
 589 595 592 105 
 4 
 589 599 596 108 
 4 
 589 608 605 115 
 4 
 589 663 661 158 
 4 
 589 886 885 333 
 4 
 118 127 126 111 
 4 
 161 171 169 111 
 4 
 161 180 178 118 
 4 
 336 347 344 111 
 4 
 336 356 353 118 
 4 
 336 411 409 161 
 4 
 592 603 600 111 
 4 
 592 612 609 118 
 4 
 592 667 665 161 
 4 
 592 890 889 336 
 4 
 122 128 126 112 
 4 
 165 172 169 112 
 4 
 165 185 183 122 
 4 
 340 348 344 112 
 4 
 340 361 358 122 
 4 
 340 416 414 165 
 4 
 596 604 600 112 
 4 
 596 617 614 122 
 4 
 596 672 670 165 
 4 
 596 895 894 340 
 4 
 169 190 188 126 
 4 
 344 366 363 126 
 4 
 344 421 419 169 
 4 
 600 622 619 126 
 4 
 600 677 675 169 
 4 
 600 900 899 344 
 4 
 123 128 127 119 
 4 
 174 181 178 119 
 4 
 174 186 183 123 
 4 
 349 357 353 119 
 4 
 349 362 358 123 
 4 
 349 427 425 174 
 4 
 605 613 609 119 
 4 
 605 618 614 123 
 4 
 605 683 681 174 
 4 
 605 906 905 349 
 4 
 178 191 188 127 
 4 
 353 367 363 127 
 4 
 353 432 430 178 
 4 
 609 623 619 127 
 4 
 609 688 686 178 
 4 
 609 911 910 353 
 4 
 183 192 188 128 
 4 
 358 368 363 128 
 4 
 358 438 436 183 
 4 
 614 624 619 128 
 4 
 614 694 692 183 
 4 
 614 917 916 358 
 4 
 363 444 442 188 
 4 
 619 700 698 188 
 4 
 619 923 922 363 
 4 
 136 140 139 133 
 4 
 143 147 146 133 
 4 
 143 151 150 136 
 4 
 159 163 162 133 
 4 
 159 167 166 136 
 4 
 159 176 175 143 
 4 
 369 375 372 133 
 4 
 369 379 376 136 
 4 
 369 388 385 143 
 4 
 369 408 405 159 
 4 
 625 631 628 133 
 4 
 625 635 632 136 
 4 
 625 644 641 143 
 4 
 625 664 661 159 
 4 
 625 930 929 369 
 4 
 146 155 154 139 
 4 
 162 171 170 139 
 4 
 162 180 179 146 
 4 
 372 383 380 139 
 4 
 372 392 389 146 
 4 
 372 412 409 162 
 4 
 628 639 636 139 
 4 
 628 648 645 146 
 4 
 628 668 665 162 
 4 
 628 934 933 372 
 4 
 150 156 154 140 
 4 
 166 172 170 140 
 4 
 166 185 184 150 
 4 
 376 384 380 140 
 4 
 376 397 394 150 
 4 
 376 417 414 166 
 4 
 632 640 636 140 
 4 
 632 653 650 150 
 4 
 632 673 670 166 
 4 
 632 939 938 376 
 4 
 170 190 189 154 
 4 
 380 402 399 154 
 4 
 380 422 419 170 
 4 
 636 658 655 154 
 4 
 636 678 675 170 
 4 
 636 944 943 380 
 4 
 151 156 155 147 
 4 
 175 181 179 147 
 4 
 175 186 184 151 
 4 
 385 393 389 147 
 4 
 385 398 394 151 
 4 
 385 428 425 175 
 4 
 641 649 645 147 
 4 
 641 654 650 151 
 4 
 641 684 681 175 
 4 
 641 950 949 385 
 4 
 179 191 189 155 
 4 
 389 403 399 155 
 4 
 389 433 430 179 
 4 
 645 659 655 155 
 4 
 645 689 686 179 
 4 
 645 955 954 389 
 4 
 184 192 189 156 
 4 
 394 404 399 156 
 4 
 394 439 436 184 
 4 
 650 660 655 156 
 4 
 650 695 692 184 
 4 
 650 961 960 394 
 4 
 399 445 442 189 
 4 
 655 701 698 189 
 4 
 655 967 966 399 
 4 
 167 172 171 163 
 4 
 176 181 180 163 
 4 
 176 186 185 167 
 4 
 405 413 409 163 
 4 
 405 418 414 167 
 4 
 405 429 425 176 
 4 
 661 669 665 163 
 4 
 661 674 670 167 
 4 
 661 685 681 176 
 4 
 661 974 973 405 
 4 
 180 191 190 171 
 4 
 409 423 419 171 
 4 
 409 434 430 180 
 4 
 665 679 675 171 
 4 
 665 690 686 180 
 4 
 665 979 978 409 
 4 
 185 192 190 172 
 4 
 414 424 419 172 
 4 
 414 440 436 185 
 4 
 670 680 675 172 
 4 
 670 696 692 185 
 4 
 670 985 984 414 
 4 
 419 446 442 190 
 4 
 675 702 698 190 
 4 
 675 991 990 419 
 4 
 186 192 191 181 
 4 
 425 435 430 181 
 4 
 425 441 436 186 
 4 
 681 691 686 181 
 4 
 681 697 692 186 
 4 
 681 998 997 425 
 4 
 430 447 442 191 
 4 
 686 703 698 191 
 4 
 686 1004 1003 430 
 4 
 436 448 442 192 
 4 
 692 704 698 192 
 4 
 692 1011 1010 436 
 4 
 698 1018 1017 442 
 4 
 197 200 199 195 
 4 
 202 205 204 195 
 4 
 202 208 207 197 
 4 
 214 217 216 195 
 4 
 214 220 219 197 
 4 
 214 227 226 202 
 4 
 242 245 244 195 
 4 
 242 248 247 197 
 4 
 242 255 254 202 
 4 
 242 271 270 214 
 4 
 306 309 308 195 
 4 
 306 312 311 197 
 4 
 306 319 318 202 
 4 
 306 335 334 214 
 4 
 306 371 370 242 
 4 
 705 709 707 195 
 4 
 705 712 710 197 
 4 
 705 719 717 202 
 4 
 705 735 733 214 
 4 
 705 771 769 242 
 4 
 705 851 849 306 
 4 
 204 211 210 199 
 4 
 216 223 222 199 
 4 
 216 230 229 204 
 4 
 244 251 250 199 
 4 
 244 258 257 204 
 4 
 244 274 273 216 
 4 
 308 315 314 199 
 4 
 308 322 321 204 
 4 
 308 338 337 216 
 4 
 308 374 373 244 
 4 
 707 715 713 199 
 4 
 707 722 720 204 
 4 
 707 738 736 216 
 4 
 707 774 772 244 
 4 
 707 854 852 308 
 4 
 207 212 210 200 
 4 
 219 224 222 200 
 4 
 219 234 233 207 
 4 
 247 252 250 200 
 4 
 247 262 261 207 
 4 
 247 278 277 219 
 4 
 311 316 314 200 
 4 
 311 326 325 207 
 4 
 311 342 341 219 
 4 
 311 378 377 247 
 4 
 710 716 713 200 
 4 
 710 726 724 207 
 4 
 710 742 740 219 
 4 
 710 778 776 247 
 4 
 710 858 856 311 
 4 
 222 238 237 210 
 4 
 250 266 265 210 
 4 
 250 282 281 222 
 4 
 314 330 329 210 
 4 
 314 346 345 222 
 4 
 314 382 381 250 
 4 
 713 730 728 210 
 4 
 713 746 744 222 
 4 
 713 782 780 250 
 4 
 713 862 860 314 
 4 
 208 212 211 205 
 4 
 226 231 229 205 
 4 
 226 235 233 208 
 4 
 254 259 257 205 
 4 
 254 263 261 208 
 4 
 254 287 286 226 
 4 
 318 323 321 205 
 4 
 318 327 325 208 
 4 
 318 351 350 226 
 4 
 318 387 386 254 
 4 
 717 723 720 205 
 4 
 717 727 724 208 
 4 
 717 751 749 226 
 4 
 717 787 785 254 
 4 
 717 867 865 318 
 4 
 229 239 237 211 
 4 
 257 267 265 211 
 4 
 257 291 290 229 
 4 
 321 331 329 211 
 4 
 321 355 354 229 
 4 
 321 391 390 257 
 4 
 720 731 728 211 
 4 
 720 755 753 229 
 4 
 720 791 789 257 
 4 
 720 871 869 321 
 4 
 233 240 237 212 
 4 
 261 268 265 212 
 4 
 261 296 295 233 
 4 
 325 332 329 212 
 4 
 325 360 359 233 
 4 
 325 396 395 261 
 4 
 724 732 728 212 
 4 
 724 760 758 233 
 4 
 724 796 794 261 
 4 
 724 876 874 325 
 4 
 265 301 300 237 
 4 
 329 365 364 237 
 4 
 329 401 400 265 
 4 
 728 765 763 237 
 4 
 728 801 799 265 
 4 
 728 881 879 329 
 4 
 220 224 223 217 
 4 
 227 231 230 217 
 4 
 227 235 234 220 
 4 
 270 275 273 217 
 4 
 270 279 277 220 
 4 
 270 288 286 227 
 4 
 334 339 337 217 
 4 
 334 343 341 220 
 4 
 334 352 350 227 
 4 
 334 407 406 270 
 4 
 733 739 736 217 
 4 
 733 743 740 220 
 4 
 733 752 749 227 
 4 
 733 807 805 270 
 4 
 733 887 885 334 
 4 
 230 239 238 223 
 4 
 273 283 281 223 
 4 
 273 292 290 230 
 4 
 337 347 345 223 
 4 
 337 356 354 230 
 4 
 337 411 410 273 
 4 
 736 747 744 223 
 4 
 736 756 753 230 
 4 
 736 811 809 273 
 4 
 736 891 889 337 
 4 
 234 240 238 224 
 4 
 277 284 281 224 
 4 
 277 297 295 234 
 4 
 341 348 345 224 
 4 
 341 361 359 234 
 4 
 341 416 415 277 
 4 
 740 748 744 224 
 4 
 740 761 758 234 
 4 
 740 816 814 277 
 4 
 740 896 894 341 
 4 
 281 302 300 238 
 4 
 345 366 364 238 
 4 
 345 421 420 281 
 4 
 744 766 763 238 
 4 
 744 821 819 281 
 4 
 744 901 899 345 
 4 
 235 240 239 231 
 4 
 286 293 290 231 
 4 
 286 298 295 235 
 4 
 350 357 354 231 
 4 
 350 362 359 235 
 4 
 350 427 426 286 
 4 
 749 757 753 231 
 4 
 749 762 758 235 
 4 
 749 827 825 286 
 4 
 749 907 905 350 
 4 
 290 303 300 239 
 4 
 354 367 364 239 
 4 
 354 432 431 290 
 4 
 753 767 763 239 
 4 
 753 832 830 290 
 4 
 753 912 910 354 
 4 
 295 304 300 240 
 4 
 359 368 364 240 
 4 
 359 438 437 295 
 4 
 758 768 763 240 
 4 
 758 838 836 295 
 4 
 758 918 916 359 
 4 
 364 444 443 300 
 4 
 763 844 842 300 
 4 
 763 924 922 364 
 4 
 248 252 251 245 
 4 
 255 259 258 245 
 4 
 255 263 262 248 
 4 
 271 275 274 245 
 4 
 271 279 278 248 
 4 
 271 288 287 255 
 4 
 370 375 373 245 
 4 
 370 379 377 248 
 4 
 370 388 386 255 
 4 
 370 408 406 271 
 4 
 769 775 772 245 
 4 
 769 779 776 248 
 4 
 769 788 785 255 
 4 
 769 808 805 271 
 4 
 769 931 929 370 
 4 
 258 267 266 251 
 4 
 274 283 282 251 
 4 
 274 292 291 258 
 4 
 373 383 381 251 
 4 
 373 392 390 258 
 4 
 373 412 410 274 
 4 
 772 783 780 251 
 4 
 772 792 789 258 
 4 
 772 812 809 274 
 4 
 772 935 933 373 
 4 
 262 268 266 252 
 4 
 278 284 282 252 
 4 
 278 297 296 262 
 4 
 377 384 381 252 
 4 
 377 397 395 262 
 4 
 377 417 415 278 
 4 
 776 784 780 252 
 4 
 776 797 794 262 
 4 
 776 817 814 278 
 4 
 776 940 938 377 
 4 
 282 302 301 266 
 4 
 381 402 400 266 
 4 
 381 422 420 282 
 4 
 780 802 799 266 
 4 
 780 822 819 282 
 4 
 780 945 943 381 
 4 
 263 268 267 259 
 4 
 287 293 291 259 
 4 
 287 298 296 263 
 4 
 386 393 390 259 
 4 
 386 398 395 263 
 4 
 386 428 426 287 
 4 
 785 793 789 259 
 4 
 785 798 794 263 
 4 
 785 828 825 287 
 4 
 785 951 949 386 
 4 
 291 303 301 267 
 4 
 390 403 400 267 
 4 
 390 433 431 291 
 4 
 789 803 799 267 
 4 
 789 833 830 291 
 4 
 789 956 954 390 
 4 
 296 304 301 268 
 4 
 395 404 400 268 
 4 
 395 439 437 296 
 4 
 794 804 799 268 
 4 
 794 839 836 296 
 4 
 794 962 960 395 
 4 
 400 445 443 301 
 4 
 799 845 842 301 
 4 
 799 968 966 400 
 4 
 279 284 283 275 
 4 
 288 293 292 275 
 4 
 288 298 297 279 
 4 
 406 413 410 275 
 4 
 406 418 415 279 
 4 
 406 429 426 288 
 4 
 805 813 809 275 
 4 
 805 818 814 279 
 4 
 805 829 825 288 
 4 
 805 975 973 406 
 4 
 292 303 302 283 
 4 
 410 423 420 283 
 4 
 410 434 431 292 
 4 
 809 823 819 283 
 4 
 809 834 830 292 
 4 
 809 980 978 410 
 4 
 297 304 302 284 
 4 
 415 424 420 284 
 4 
 415 440 437 297 
 4 
 814 824 819 284 
 4 
 814 840 836 297 
 4 
 814 986 984 415 
 4 
 420 446 443 302 
 4 
 819 846 842 302 
 4 
 819 992 990 420 
 4 
 298 304 303 293 
 4 
 426 435 431 293 
 4 
 426 441 437 298 
 4 
 825 835 830 293 
 4 
 825 841 836 298 
 4 
 825 999 997 426 
 4 
 431 447 443 303 
 4 
 830 847 842 303 
 4 
 830 1005 1003 431 
 4 
 437 448 443 304 
 4 
 836 848 842 304 
 4 
 836 1012 1010 437 
 4 
 842 1019 1017 443 
 4 
 312 316 315 309 
 4 
 319 323 322 309 
 4 
 319 327 326 312 
 4 
 335 339 338 309 
 4 
 335 343 342 312 
 4 
 335 352 351 319 
 4 
 371 375 374 309 
 4 
 371 379 378 312 
 4 
 371 388 387 319 
 4 
 371 408 407 335 
 4 
 849 855 852 309 
 4 
 849 859 856 312 
 4 
 849 868 865 319 
 4 
 849 888 885 335 
 4 
 849 932 929 371 
 4 
 322 331 330 315 
 4 
 338 347 346 315 
 4 
 338 356 355 322 
 4 
 374 383 382 315 
 4 
 374 392 391 322 
 4 
 374 412 411 338 
 4 
 852 863 860 315 
 4 
 852 872 869 322 
 4 
 852 892 889 338 
 4 
 852 936 933 374 
 4 
 326 332 330 316 
 4 
 342 348 346 316 
 4 
 342 361 360 326 
 4 
 378 384 382 316 
 4 
 378 397 396 326 
 4 
 378 417 416 342 
 4 
 856 864 860 316 
 4 
 856 877 874 326 
 4 
 856 897 894 342 
 4 
 856 941 938 378 
 4 
 346 366 365 330 
 4 
 382 402 401 330 
 4 
 382 422 421 346 
 4 
 860 882 879 330 
 4 
 860 902 899 346 
 4 
 860 946 943 382 
 4 
 327 332 331 323 
 4 
 351 357 355 323 
 4 
 351 362 360 327 
 4 
 387 393 391 323 
 4 
 387 398 396 327 
 4 
 387 428 427 351 
 4 
 865 873 869 323 
 4 
 865 878 874 327 
 4 
 865 908 905 351 
 4 
 865 952 949 387 
 4 
 355 367 365 331 
 4 
 391 403 401 331 
 4 
 391 433 432 355 
 4 
 869 883 879 331 
 4 
 869 913 910 355 
 4 
 869 957 954 391 
 4 
 360 368 365 332 
 4 
 396 404 401 332 
 4 
 396 439 438 360 
 4 
 874 884 879 332 
 4 
 874 919 916 360 
 4 
 874 963 960 396 
 4 
 401 445 444 365 
 4 
 879 925 922 365 
 4 
 879 969 966 401 
 4 
 343 348 347 339 
 4 
 352 357 356 339 
 4 
 352 362 361 343 
 4 
 407 413 411 339 
 4 
 407 418 416 343 
 4 
 407 429 427 352 
 4 
 885 893 889 339 
 4 
 885 898 894 343 
 4 
 885 909 905 352 
 4 
 885 976 973 407 
 4 
 356 367 366 347 
 4 
 411 423 421 347 
 4 
 411 434 432 356 
 4 
 889 903 899 347 
 4 
 889 914 910 356 
 4 
 889 981 978 411 
 4 
 361 368 366 348 
 4 
 416 424 421 348 
 4 
 416 440 438 361 
 4 
 894 904 899 348 
 4 
 894 920 916 361 
 4 
 894 987 984 416 
 4 
 421 446 444 366 
 4 
 899 926 922 366 
 4 
 899 993 990 421 
 4 
 362 368 367 357 
 4 
 427 435 432 357 
 4 
 427 441 438 362 
 4 
 905 915 910 357 
 4 
 905 921 916 362 
 4 
 905 1000 997 427 
 4 
 432 447 444 367 
 4 
 910 927 922 367 
 4 
 910 1006 1003 432 
 4 
 438 448 444 368 
 4 
 916 928 922 368 
 4 
 916 1013 1010 438 
 4 
 922 1020 1017 444 
 4 
 379 384 383 375 
 4 
 388 393 392 375 
 4 
 388 398 397 379 
 4 
 408 413 412 375 
 4 
 408 418 417 379 
 4 
 408 429 428 388 
 4 
 929 937 933 375 
 4 
 929 942 938 379 
 4 
 929 953 949 388 
 4 
 929 977 973 408 
 4 
 392 403 402 383 
 4 
 412 423 422 383 
 4 
 412 434 433 392 
 4 
 933 947 943 383 
 4 
 933 958 954 392 
 4 
 933 982 978 412 
 4 
 397 404 402 384 
 4 
 417 424 422 384 
 4 
 417 440 439 397 
 4 
 938 948 943 384 
 4 
 938 964 960 397 
 4 
 938 988 984 417 
 4 
 422 446 445 402 
 4 
 943 970 966 402 
 4 
 943 994 990 422 
 4 
 398 404 403 393 
 4 
 428 435 433 393 
 4 
 428 441 439 398 
 4 
 949 959 954 393 
 4 
 949 965 960 398 
 4 
 949 1001 997 428 
 4 
 433 447 445 403 
 4 
 954 971 966 403 
 4 
 954 1007 1003 433 
 4 
 439 448 445 404 
 4 
 960 972 966 404 
 4 
 960 1014 1010 439 
 4 
 966 1021 1017 445 
 4 
 418 424 423 413 
 4 
 429 435 434 413 
 4 
 429 441 440 418 
 4 
 973 983 978 413 
 4 
 973 989 984 418 
 4 
 973 1002 997 429 
 4 
 434 447 446 423 
 4 
 978 995 990 423 
 4 
 978 1008 1003 434 
 4 
 440 448 446 424 
 4 
 984 996 990 424 
 4 
 984 1015 1010 440 
 4 
 990 1022 1017 446 
 4 
 441 448 447 435 
 4 
 997 1009 1003 435 
 4 
 997 1016 1010 441 
 4 
 1003 1023 1017 447 
 4 
 1010 1024 1017 448 
 4 
 453 456 455 451 
 4 
 458 461 460 451 
 4 
 458 464 463 453 
 4 
 470 473 472 451 
 4 
 470 476 475 453 
 4 
 470 483 482 458 
 4 
 498 501 500 451 
 4 
 498 504 503 453 
 4 
 498 511 510 458 
 4 
 498 527 526 470 
 4 
 562 565 564 451 
 4 
 562 568 567 453 
 4 
 562 575 574 458 
 4 
 562 591 590 470 
 4 
 562 627 626 498 
 4 
 706 709 708 451 
 4 
 706 712 711 453 
 4 
 706 719 718 458 
 4 
 706 735 734 470 
 4 
 706 771 770 498 
 4 
 706 851 850 562 
 4 
 460 467 466 455 
 4 
 472 479 478 455 
 4 
 472 486 485 460 
 4 
 500 507 506 455 
 4 
 500 514 513 460 
 4 
 500 530 529 472 
 4 
 564 571 570 455 
 4 
 564 578 577 460 
 4 
 564 594 593 472 
 4 
 564 630 629 500 
 4 
 708 715 714 455 
 4 
 708 722 721 460 
 4 
 708 738 737 472 
 4 
 708 774 773 500 
 4 
 708 854 853 564 
 4 
 463 468 466 456 
 4 
 475 480 478 456 
 4 
 475 490 489 463 
 4 
 503 508 506 456 
 4 
 503 518 517 463 
 4 
 503 534 533 475 
 4 
 567 572 570 456 
 4 
 567 582 581 463 
 4 
 567 598 597 475 
 4 
 567 634 633 503 
 4 
 711 716 714 456 
 4 
 711 726 725 463 
 4 
 711 742 741 475 
 4 
 711 778 777 503 
 4 
 711 858 857 567 
 4 
 478 494 493 466 
 4 
 506 522 521 466 
 4 
 506 538 537 478 
 4 
 570 586 585 466 
 4 
 570 602 601 478 
 4 
 570 638 637 506 
 4 
 714 730 729 466 
 4 
 714 746 745 478 
 4 
 714 782 781 506 
 4 
 714 862 861 570 
 4 
 464 468 467 461 
 4 
 482 487 485 461 
 4 
 482 491 489 464 
 4 
 510 515 513 461 
 4 
 510 519 517 464 
 4 
 510 543 542 482 
 4 
 574 579 577 461 
 4 
 574 583 581 464 
 4 
 574 607 606 482 
 4 
 574 643 642 510 
 4 
 718 723 721 461 
 4 
 718 727 725 464 
 4 
 718 751 750 482 
 4 
 718 787 786 510 
 4 
 718 867 866 574 
 4 
 485 495 493 467 
 4 
 513 523 521 467 
 4 
 513 547 546 485 
 4 
 577 587 585 467 
 4 
 577 611 610 485 
 4 
 577 647 646 513 
 4 
 721 731 729 467 
 4 
 721 755 754 485 
 4 
 721 791 790 513 
 4 
 721 871 870 577 
 4 
 489 496 493 468 
 4 
 517 524 521 468 
 4 
 517 552 551 489 
 4 
 581 588 585 468 
 4 
 581 616 615 489 
 4 
 581 652 651 517 
 4 
 725 732 729 468 
 4 
 725 760 759 489 
 4 
 725 796 795 517 
 4 
 725 876 875 581 
 4 
 521 557 556 493 
 4 
 585 621 620 493 
 4 
 585 657 656 521 
 4 
 729 765 764 493 
 4 
 729 801 800 521 
 4 
 729 881 880 585 
 4 
 476 480 479 473 
 4 
 483 487 486 473 
 4 
 483 491 490 476 
 4 
 526 531 529 473 
 4 
 526 535 533 476 
 4 
 526 544 542 483 
 4 
 590 595 593 473 
 4 
 590 599 597 476 
 4 
 590 608 606 483 
 4 
 590 663 662 526 
 4 
 734 739 737 473 
 4 
 734 743 741 476 
 4 
 734 752 750 483 
 4 
 734 807 806 526 
 4 
 734 887 886 590 
 4 
 486 495 494 479 
 4 
 529 539 537 479 
 4 
 529 548 546 486 
 4 
 593 603 601 479 
 4 
 593 612 610 486 
 4 
 593 667 666 529 
 4 
 737 747 745 479 
 4 
 737 756 754 486 
 4 
 737 811 810 529 
 4 
 737 891 890 593 
 4 
 490 496 494 480 
 4 
 533 540 537 480 
 4 
 533 553 551 490 
 4 
 597 604 601 480 
 4 
 597 617 615 490 
 4 
 597 672 671 533 
 4 
 741 748 745 480 
 4 
 741 761 759 490 
 4 
 741 816 815 533 
 4 
 741 896 895 597 
 4 
 537 558 556 494 
 4 
 601 622 620 494 
 4 
 601 677 676 537 
 4 
 745 766 764 494 
 4 
 745 821 820 537 
 4 
 745 901 900 601 
 4 
 491 496 495 487 
 4 
 542 549 546 487 
 4 
 542 554 551 491 
 4 
 606 613 610 487 
 4 
 606 618 615 491 
 4 
 606 683 682 542 
 4 
 750 757 754 487 
 4 
 750 762 759 491 
 4 
 750 827 826 542 
 4 
 750 907 906 606 
 4 
 546 559 556 495 
 4 
 610 623 620 495 
 4 
 610 688 687 546 
 4 
 754 767 764 495 
 4 
 754 832 831 546 
 4 
 754 912 911 610 
 4 
 551 560 556 496 
 4 
 615 624 620 496 
 4 
 615 694 693 551 
 4 
 759 768 764 496 
 4 
 759 838 837 551 
 4 
 759 918 917 615 
 4 
 620 700 699 556 
 4 
 764 844 843 556 
 4 
 764 924 923 620 
 4 
 504 508 507 501 
 4 
 511 515 514 501 
 4 
 511 519 518 504 
 4 
 527 531 530 501 
 4 
 527 535 534 504 
 4 
 527 544 543 511 
 4 
 626 631 629 501 
 4 
 626 635 633 504 
 4 
 626 644 642 511 
 4 
 626 664 662 527 
 4 
 770 775 773 501 
 4 
 770 779 777 504 
 4 
 770 788 786 511 
 4 
 770 808 806 527 
 4 
 770 931 930 626 
 4 
 514 523 522 507 
 4 
 530 539 538 507 
 4 
 530 548 547 514 
 4 
 629 639 637 507 
 4 
 629 648 646 514 
 4 
 629 668 666 530 
 4 
 773 783 781 507 
 4 
 773 792 790 514 
 4 
 773 812 810 530 
 4 
 773 935 934 629 
 4 
 518 524 522 508 
 4 
 534 540 538 508 
 4 
 534 553 552 518 
 4 
 633 640 637 508 
 4 
 633 653 651 518 
 4 
 633 673 671 534 
 4 
 777 784 781 508 
 4 
 777 797 795 518 
 4 
 777 817 815 534 
 4 
 777 940 939 633 
 4 
 538 558 557 522 
 4 
 637 658 656 522 
 4 
 637 678 676 538 
 4 
 781 802 800 522 
 4 
 781 822 820 538 
 4 
 781 945 944 637 
 4 
 519 524 523 515 
 4 
 543 549 547 515 
 4 
 543 554 552 519 
 4 
 642 649 646 515 
 4 
 642 654 651 519 
 4 
 642 684 682 543 
 4 
 786 793 790 515 
 4 
 786 798 795 519 
 4 
 786 828 826 543 
 4 
 786 951 950 642 
 4 
 547 559 557 523 
 4 
 646 659 656 523 
 4 
 646 689 687 547 
 4 
 790 803 800 523 
 4 
 790 833 831 547 
 4 
 790 956 955 646 
 4 
 552 560 557 524 
 4 
 651 660 656 524 
 4 
 651 695 693 552 
 4 
 795 804 800 524 
 4 
 795 839 837 552 
 4 
 795 962 961 651 
 4 
 656 701 699 557 
 4 
 800 845 843 557 
 4 
 800 968 967 656 
 4 
 535 540 539 531 
 4 
 544 549 548 531 
 4 
 544 554 553 535 
 4 
 662 669 666 531 
 4 
 662 674 671 535 
 4 
 662 685 682 544 
 4 
 806 813 810 531 
 4 
 806 818 815 535 
 4 
 806 829 826 544 
 4 
 806 975 974 662 
 4 
 548 559 558 539 
 4 
 666 679 676 539 
 4 
 666 690 687 548 
 4 
 810 823 820 539 
 4 
 810 834 831 548 
 4 
 810 980 979 666 
 4 
 553 560 558 540 
 4 
 671 680 676 540 
 4 
 671 696 693 553 
 4 
 815 824 820 540 
 4 
 815 840 837 553 
 4 
 815 986 985 671 
 4 
 676 702 699 558 
 4 
 820 846 843 558 
 4 
 820 992 991 676 
 4 
 554 560 559 549 
 4 
 682 691 687 549 
 4 
 682 697 693 554 
 4 
 826 835 831 549 
 4 
 826 841 837 554 
 4 
 826 999 998 682 
 4 
 687 703 699 559 
 4 
 831 847 843 559 
 4 
 831 1005 1004 687 
 4 
 693 704 699 560 
 4 
 837 848 843 560 
 4 
 837 1012 1011 693 
 4 
 843 1019 1018 699 
 4 
 568 572 571 565 
 4 
 575 579 578 565 
 4 
 575 583 582 568 
 4 
 591 595 594 565 
 4 
 591 599 598 568 
 4 
 591 608 607 575 
 4 
 627 631 630 565 
 4 
 627 635 634 568 
 4 
 627 644 643 575 
 4 
 627 664 663 591 
 4 
 850 855 853 565 
 4 
 850 859 857 568 
 4 
 850 868 866 575 
 4 
 850 888 886 591 
 4 
 850 932 930 627 
 4 
 578 587 586 571 
 4 
 594 603 602 571 
 4 
 594 612 611 578 
 4 
 630 639 638 571 
 4 
 630 648 647 578 
 4 
 630 668 667 594 
 4 
 853 863 861 571 
 4 
 853 872 870 578 
 4 
 853 892 890 594 
 4 
 853 936 934 630 
 4 
 582 588 586 572 
 4 
 598 604 602 572 
 4 
 598 617 616 582 
 4 
 634 640 638 572 
 4 
 634 653 652 582 
 4 
 634 673 672 598 
 4 
 857 864 861 572 
 4 
 857 877 875 582 
 4 
 857 897 895 598 
 4 
 857 941 939 634 
 4 
 602 622 621 586 
 4 
 638 658 657 586 
 4 
 638 678 677 602 
 4 
 861 882 880 586 
 4 
 861 902 900 602 
 4 
 861 946 944 638 
 4 
 583 588 587 579 
 4 
 607 613 611 579 
 4 
 607 618 616 583 
 4 
 643 649 647 579 
 4 
 643 654 652 583 
 4 
 643 684 683 607 
 4 
 866 873 870 579 
 4 
 866 878 875 583 
 4 
 866 908 906 607 
 4 
 866 952 950 643 
 4 
 611 623 621 587 
 4 
 647 659 657 587 
 4 
 647 689 688 611 
 4 
 870 883 880 587 
 4 
 870 913 911 611 
 4 
 870 957 955 647 
 4 
 616 624 621 588 
 4 
 652 660 657 588 
 4 
 652 695 694 616 
 4 
 875 884 880 588 
 4 
 875 919 917 616 
 4 
 875 963 961 652 
 4 
 657 701 700 621 
 4 
 880 925 923 621 
 4 
 880 969 967 657 
 4 
 599 604 603 595 
 4 
 608 613 612 595 
 4 
 608 618 617 599 
 4 
 663 669 667 595 
 4 
 663 674 672 599 
 4 
 663 685 683 608 
 4 
 886 893 890 595 
 4 
 886 898 895 599 
 4 
 886 909 906 608 
 4 
 886 976 974 663 
 4 
 612 623 622 603 
 4 
 667 679 677 603 
 4 
 667 690 688 612 
 4 
 890 903 900 603 
 4 
 890 914 911 612 
 4 
 890 981 979 667 
 4 
 617 624 622 604 
 4 
 672 680 677 604 
 4 
 672 696 694 617 
 4 
 895 904 900 604 
 4 
 895 920 917 617 
 4 
 895 987 985 672 
 4 
 677 702 700 622 
 4 
 900 926 923 622 
 4 
 900 993 991 677 
 4 
 618 624 623 613 
 4 
 683 691 688 613 
 4 
 683 697 694 618 
 4 
 906 915 911 613 
 4 
 906 921 917 618 
 4 
 906 1000 998 683 
 4 
 688 703 700 623 
 4 
 911 927 923 623 
 4 
 911 1006 1004 688 
 4 
 694 704 700 624 
 4 
 917 928 923 624 
 4 
 917 1013 1011 694 
 4 
 923 1020 1018 700 
 4 
 635 640 639 631 
 4 
 644 649 648 631 
 4 
 644 654 653 635 
 4 
 664 669 668 631 
 4 
 664 674 673 635 
 4 
 664 685 684 644 
 4 
 930 937 934 631 
 4 
 930 942 939 635 
 4 
 930 953 950 644 
 4 
 930 977 974 664 
 4 
 648 659 658 639 
 4 
 668 679 678 639 
 4 
 668 690 689 648 
 4 
 934 947 944 639 
 4 
 934 958 955 648 
 4 
 934 982 979 668 
 4 
 653 660 658 640 
 4 
 673 680 678 640 
 4 
 673 696 695 653 
 4 
 939 948 944 640 
 4 
 939 964 961 653 
 4 
 939 988 985 673 
 4 
 678 702 701 658 
 4 
 944 970 967 658 
 4 
 944 994 991 678 
 4 
 654 660 659 649 
 4 
 684 691 689 649 
 4 
 684 697 695 654 
 4 
 950 959 955 649 
 4 
 950 965 961 654 
 4 
 950 1001 998 684 
 4 
 689 703 701 659 
 4 
 955 971 967 659 
 4 
 955 1007 1004 689 
 4 
 695 704 701 660 
 4 
 961 972 967 660 
 4 
 961 1014 1011 695 
 4 
 967 1021 1018 701 
 4 
 674 680 679 669 
 4 
 685 691 690 669 
 4 
 685 697 696 674 
 4 
 974 983 979 669 
 4 
 974 989 985 674 
 4 
 974 1002 998 685 
 4 
 690 703 702 679 
 4 
 979 995 991 679 
 4 
 979 1008 1004 690 
 4 
 696 704 702 680 
 4 
 985 996 991 680 
 4 
 985 1015 1011 696 
 4 
 991 1022 1018 702 
 4 
 697 704 703 691 
 4 
 998 1009 1004 691 
 4 
 998 1016 1011 697 
 4 
 1004 1023 1018 703 
 4 
 1011 1024 1018 704 
 4 
 712 716 715 709 
 4 
 719 723 722 709 
 4 
 719 727 726 712 
 4 
 735 739 738 709 
 4 
 735 743 742 712 
 4 
 735 752 751 719 
 4 
 771 775 774 709 
 4 
 771 779 778 712 
 4 
 771 788 787 719 
 4 
 771 808 807 735 
 4 
 851 855 854 709 
 4 
 851 859 858 712 
 4 
 851 868 867 719 
 4 
 851 888 887 735 
 4 
 851 932 931 771 
 4 
 722 731 730 715 
 4 
 738 747 746 715 
 4 
 738 756 755 722 
 4 
 774 783 782 715 
 4 
 774 792 791 722 
 4 
 774 812 811 738 
 4 
 854 863 862 715 
 4 
 854 872 871 722 
 4 
 854 892 891 738 
 4 
 854 936 935 774 
 4 
 726 732 730 716 
 4 
 742 748 746 716 
 4 
 742 761 760 726 
 4 
 778 784 782 716 
 4 
 778 797 796 726 
 4 
 778 817 816 742 
 4 
 858 864 862 716 
 4 
 858 877 876 726 
 4 
 858 897 896 742 
 4 
 858 941 940 778 
 4 
 746 766 765 730 
 4 
 782 802 801 730 
 4 
 782 822 821 746 
 4 
 862 882 881 730 
 4 
 862 902 901 746 
 4 
 862 946 945 782 
 4 
 727 732 731 723 
 4 
 751 757 755 723 
 4 
 751 762 760 727 
 4 
 787 793 791 723 
 4 
 787 798 796 727 
 4 
 787 828 827 751 
 4 
 867 873 871 723 
 4 
 867 878 876 727 
 4 
 867 908 907 751 
 4 
 867 952 951 787 
 4 
 755 767 765 731 
 4 
 791 803 801 731 
 4 
 791 833 832 755 
 4 
 871 883 881 731 
 4 
 871 913 912 755 
 4 
 871 957 956 791 
 4 
 760 768 765 732 
 4 
 796 804 801 732 
 4 
 796 839 838 760 
 4 
 876 884 881 732 
 4 
 876 919 918 760 
 4 
 876 963 962 796 
 4 
 801 845 844 765 
 4 
 881 925 924 765 
 4 
 881 969 968 801 
 4 
 743 748 747 739 
 4 
 752 757 756 739 
 4 
 752 762 761 743 
 4 
 807 813 811 739 
 4 
 807 818 816 743 
 4 
 807 829 827 752 
 4 
 887 893 891 739 
 4 
 887 898 896 743 
 4 
 887 909 907 752 
 4 
 887 976 975 807 
 4 
 756 767 766 747 
 4 
 811 823 821 747 
 4 
 811 834 832 756 
 4 
 891 903 901 747 
 4 
 891 914 912 756 
 4 
 891 981 980 811 
 4 
 761 768 766 748 
 4 
 816 824 821 748 
 4 
 816 840 838 761 
 4 
 896 904 901 748 
 4 
 896 920 918 761 
 4 
 896 987 986 816 
 4 
 821 846 844 766 
 4 
 901 926 924 766 
 4 
 901 993 992 821 
 4 
 762 768 767 757 
 4 
 827 835 832 757 
 4 
 827 841 838 762 
 4 
 907 915 912 757 
 4 
 907 921 918 762 
 4 
 907 1000 999 827 
 4 
 832 847 844 767 
 4 
 912 927 924 767 
 4 
 912 1006 1005 832 
 4 
 838 848 844 768 
 4 
 918 928 924 768 
 4 
 918 1013 1012 838 
 4 
 924 1020 1019 844 
 4 
 779 784 783 775 
 4 
 788 793 792 775 
 4 
 788 798 797 779 
 4 
 808 813 812 775 
 4 
 808 818 817 779 
 4 
 808 829 828 788 
 4 
 931 937 935 775 
 4 
 931 942 940 779 
 4 
 931 953 951 788 
 4 
 931 977 975 808 
 4 
 792 803 802 783 
 4 
 812 823 822 783 
 4 
 812 834 833 792 
 4 
 935 947 945 783 
 4 
 935 958 956 792 
 4 
 935 982 980 812 
 4 
 797 804 802 784 
 4 
 817 824 822 784 
 4 
 817 840 839 797 
 4 
 940 948 945 784 
 4 
 940 964 962 797 
 4 
 940 988 986 817 
 4 
 822 846 845 802 
 4 
 945 970 968 802 
 4 
 945 994 992 822 
 4 
 798 804 803 793 
 4 
 828 835 833 793 
 4 
 828 841 839 798 
 4 
 951 959 956 793 
 4 
 951 965 962 798 
 4 
 951 1001 999 828 
 4 
 833 847 845 803 
 4 
 956 971 968 803 
 4 
 956 1007 1005 833 
 4 
 839 848 845 804 
 4 
 962 972 968 804 
 4 
 962 1014 1012 839 
 4 
 968 1021 1019 845 
 4 
 818 824 823 813 
 4 
 829 835 834 813 
 4 
 829 841 840 818 
 4 
 975 983 980 813 
 4 
 975 989 986 818 
 4 
 975 1002 999 829 
 4 
 834 847 846 823 
 4 
 980 995 992 823 
 4 
 980 1008 1005 834 
 4 
 840 848 846 824 
 4 
 986 996 992 824 
 4 
 986 1015 1012 840 
 4 
 992 1022 1019 846 
 4 
 841 848 847 835 
 4 
 999 1009 1005 835 
 4 
 999 1016 1012 841 
 4 
 1005 1023 1019 847 
 4 
 1012 1024 1019 848 
 4 
 859 864 863 855 
 4 
 868 873 872 855 
 4 
 868 878 877 859 
 4 
 888 893 892 855 
 4 
 888 898 897 859 
 4 
 888 909 908 868 
 4 
 932 937 936 855 
 4 
 932 942 941 859 
 4 
 932 953 952 868 
 4 
 932 977 976 888 
 4 
 872 883 882 863 
 4 
 892 903 902 863 
 4 
 892 914 913 872 
 4 
 936 947 946 863 
 4 
 936 958 957 872 
 4 
 936 982 981 892 
 4 
 877 884 882 864 
 4 
 897 904 902 864 
 4 
 897 920 919 877 
 4 
 941 948 946 864 
 4 
 941 964 963 877 
 4 
 941 988 987 897 
 4 
 902 926 925 882 
 4 
 946 970 969 882 
 4 
 946 994 993 902 
 4 
 878 884 883 873 
 4 
 908 915 913 873 
 4 
 908 921 919 878 
 4 
 952 959 957 873 
 4 
 952 965 963 878 
 4 
 952 1001 1000 908 
 4 
 913 927 925 883 
 4 
 957 971 969 883 
 4 
 957 1007 1006 913 
 4 
 919 928 925 884 
 4 
 963 972 969 884 
 4 
 963 1014 1013 919 
 4 
 969 1021 1020 925 
 4 
 898 904 903 893 
 4 
 909 915 914 893 
 4 
 909 921 920 898 
 4 
 976 983 981 893 
 4 
 976 989 987 898 
 4 
 976 1002 1000 909 
 4 
 914 927 926 903 
 4 
 981 995 993 903 
 4 
 981 1008 1006 914 
 4 
 920 928 926 904 
 4 
 987 996 993 904 
 4 
 987 1015 1013 920 
 4 
 993 1022 1020 926 
 4 
 921 928 927 915 
 4 
 1000 1009 1006 915 
 4 
 1000 1016 1013 921 
 4 
 1006 1023 1020 927 
 4 
 1013 1024 1020 928 
 4 
 942 948 947 937 
 4 
 953 959 958 937 
 4 
 953 965 964 942 
 4 
 977 983 982 937 
 4 
 977 989 988 942 
 4 
 977 1002 1001 953 
 4 
 958 971 970 947 
 4 
 982 995 994 947 
 4 
 982 1008 1007 958 
 4 
 964 972 970 948 
 4 
 988 996 994 948 
 4 
 988 1015 1014 964 
 4 
 994 1022 1021 970 
 4 
 965 972 971 959 
 4 
 1001 1009 1007 959 
 4 
 1001 1016 1014 965 
 4 
 1007 1023 1021 971 
 4 
 1014 1024 1021 972 
 4 
 989 996 995 983 
 4 
 1002 1009 1008 983 
 4 
 1002 1016 1015 989 
 4 
 1008 1023 1022 995 
 4 
 1015 1024 1022 996 
 4 
 1016 1024 1023 1009 

