 50 500 
 1 1 1 1 1 1 1 1 1 1 1 1 1 1 1 
 1 1 1 1 1 1 1 1 1 1 1 1 1 1 1 
 1 1 1 1 1 1 1 1 1 1 1 1 1 1 1 
 1 1 1 1 1 1 1 1 1 1 1 1 1 1 1 
 1 1 1 1 1 1 1 1 1 1 1 1 1 1 1 
 1 1 1 1 1 1 1 1 1 1 1 1 1 1 1 
 1 1 1 1 1 1 1 1 1 1 1 1 1 1 1 
 1 1 1 1 1 1 1 1 1 1 1 1 1 1 1 
 1 1 1 1 1 1 1 1 1 1 1 1 1 1 1 
 1 1 1 1 1 1 1 1 1 1 1 1 1 1 1 
 1 1 1 1 1 1 1 1 1 1 1 1 1 1 1 
 1 1 1 1 1 1 1 1 1 1 1 1 1 1 1 
 1 1 1 1 1 1 1 1 1 1 1 1 1 1 1 
 1 1 1 1 1 1 1 1 1 1 1 1 1 1 1 
 1 1 1 1 1 1 1 1 1 1 1 1 1 1 1 
 1 1 1 1 1 1 1 1 1 1 1 1 1 1 1 
 1 1 1 1 1 1 1 1 1 1 1 1 1 1 1 
 1 1 1 1 1 1 1 1 1 1 1 1 1 1 1 
 1 1 1 1 1 1 1 1 1 1 1 1 1 1 1 
 1 1 1 1 1 1 1 1 1 1 1 1 1 1 1 
 1 1 1 1 1 1 1 1 1 1 1 1 1 1 1 
 1 1 1 1 1 1 1 1 1 1 1 1 1 1 1 
 1 1 1 1 1 1 1 1 1 1 1 1 1 1 1 
 1 1 1 1 1 1 1 1 1 1 1 1 1 1 1 
 1 1 1 1 1 1 1 1 1 1 1 1 1 1 1 
 1 1 1 1 1 1 1 1 1 1 1 1 1 1 1 
 1 1 1 1 1 1 1 1 1 1 1 1 1 1 1 
 1 1 1 1 1 1 1 1 1 1 1 1 1 1 1 
 1 1 1 1 1 1 1 1 1 1 1 1 1 1 1 
 1 1 1 1 1 1 1 1 1 1 1 1 1 1 1 
 1 1 1 1 1 1 1 1 1 1 1 1 1 1 1 
 1 1 1 1 1 1 1 1 1 1 1 1 1 1 1 
 1 1 1 1 1 1 1 1 1 1 1 1 1 1 1 
 1 1 1 1 1 
 112 
 4 8 10 11 12 14 15 16 18 23 26 28 29 36 38 
 45 52 53 54 56 57 60 67 74 80 81 86 92 98 100 
 106 108 112 118 121 125 126 133 137 143 153 155 157 168 170 
 176 177 183 190 195 199 201 204 206 213 220 221 224 229 231 
 250 252 253 261 262 263 267 272 277 282 293 305 312 315 317 
 320 324 325 327 330 334 335 345 347 350 352 356 360 367 374 
 376 377 380 386 396 410 415 425 430 446 448 455 458 459 466 
 469 473 477 478 479 483 496 
 100 
 1 2 4 5 13 19 21 28 36 44 45 49 50 53 55 
 59 61 62 67 68 71 73 74 77 82 83 92 94 95 99 
 102 106 108 118 130 131 134 140 147 150 151 153 154 155 157 
 159 169 170 172 175 177 178 179 186 192 194 196 207 210 227 
 229 232 235 239 240 254 258 262 281 287 290 294 296 298 311 
 317 329 332 333 341 343 346 348 359 369 371 373 375 383 400 
 404 409 410 412 424 453 472 481 485 496 
 116 
 1 3 4 6 8 14 20 23 26 29 31 32 39 43 46 
 47 49 55 58 59 60 72 80 82 83 84 103 104 107 108 
 110 111 113 116 119 122 123 124 125 127 128 129 130 134 138 
 140 144 145 149 156 166 175 180 185 189 194 195 207 211 214 
 219 221 231 242 243 246 251 252 257 262 263 267 274 275 276 
 277 279 280 282 305 308 311 316 319 322 345 346 354 356 358 
 366 370 375 377 378 385 389 392 394 397 398 399 401 402 406 
 408 414 416 429 432 439 449 450 466 482 490 
 105 
 1 2 7 8 17 23 26 30 33 34 38 42 44 45 51 
 53 58 64 65 67 68 70 72 75 81 83 85 88 90 93 
 94 95 97 103 106 111 116 120 123 124 126 130 135 138 141 
 144 148 152 158 160 167 170 172 174 183 187 193 197 200 203 
 214 219 227 229 235 239 246 252 253 254 256 262 263 275 279 
 291 295 296 302 304 308 330 338 341 352 364 365 386 392 395 
 397 411 418 422 425 427 439 446 451 462 463 467 475 480 482 
 110 
 1 5 6 7 10 12 13 14 16 19 25 26 29 31 33 
 34 44 45 47 57 59 64 68 79 82 84 85 86 98 100 
 105 112 113 125 128 133 136 142 156 161 166 180 185 187 191 
 194 195 197 200 207 209 211 215 224 233 235 236 242 243 246 
 247 248 253 267 269 271 275 277 285 286 293 295 305 313 314 
 317 321 323 327 341 346 350 351 356 360 361 375 377 379 390 
 392 393 398 399 405 419 422 426 429 434 450 458 466 469 476 
 478 491 495 499 500 
 90 
 1 2 4 6 9 12 13 16 17 20 33 38 41 43 45 
 46 50 51 53 56 61 67 68 76 80 98 100 102 106 107 
 108 110 114 125 126 127 150 163 164 168 170 174 182 192 195 
 218 230 242 248 251 262 266 271 275 278 279 282 286 287 291 
 301 307 311 313 315 323 324 337 346 348 352 362 363 368 370 
 383 385 386 396 398 416 418 424 426 433 435 454 478 480 490 
 111 
 7 8 9 13 14 16 19 20 25 27 36 41 43 47 48 
 50 52 54 56 57 59 64 66 69 70 72 87 89 90 96 
 99 112 114 115 117 119 120 122 129 132 139 141 143 147 150 
 151 152 159 164 165 166 167 171 173 182 184 188 190 194 195 
 200 215 220 221 226 229 231 233 234 237 240 241 247 248 250 
 251 253 254 256 258 259 267 270 273 280 289 295 298 299 301 
 319 322 336 360 368 380 381 387 388 389 400 408 429 430 435 
 466 470 473 475 482 497 
 98 
 1 3 7 18 20 22 28 33 34 36 38 41 43 44 45 
 51 55 57 65 68 77 83 94 96 97 98 103 104 115 116 
 121 127 139 143 150 153 154 160 163 164 168 173 179 182 189 
 201 210 211 216 218 225 233 235 238 241 242 243 249 250 255 
 258 263 264 265 268 270 273 277 279 281 283 305 310 314 321 
 332 344 349 353 378 382 386 387 409 414 416 418 423 424 437 
 438 440 448 454 464 468 480 485 
 106 
 1 2 4 8 9 11 13 19 21 23 26 32 34 37 39 
 41 48 55 58 61 63 64 71 73 82 86 99 104 106 111 
 112 130 131 135 145 148 149 150 151 152 167 169 171 173 176 
 177 182 186 191 192 195 197 198 205 212 217 219 221 223 229 
 231 242 252 259 266 280 282 284 285 287 291 295 303 306 311 
 317 318 320 325 328 337 338 339 340 345 347 348 356 383 394 
 403 405 406 407 414 419 420 425 429 435 441 449 459 476 485 
 498 
 113 
 3 5 7 10 14 16 17 18 23 24 27 28 30 32 36 
 43 51 53 56 59 62 65 66 69 70 71 73 77 78 79 
 81 83 85 87 93 95 98 102 104 109 114 115 117 119 120 
 131 139 142 159 160 165 167 169 174 183 186 187 193 196 199 
 202 210 212 213 218 222 224 225 244 245 246 251 260 265 272 
 274 277 283 285 307 309 318 322 326 355 361 364 368 369 379 
 384 394 408 412 414 416 418 425 432 436 438 447 452 457 461 
 467 481 486 487 489 491 494 496 
 107 
 4 8 11 12 15 19 22 28 29 33 34 35 38 42 47 
 50 52 53 54 55 65 66 67 73 74 78 79 82 84 90 
 95 103 119 120 122 126 127 130 131 133 136 140 141 144 154 
 156 158 162 164 175 178 179 184 185 187 197 199 201 206 213 
 215 216 238 241 243 244 249 251 258 262 263 268 280 295 297 
 299 300 303 324 329 337 338 339 340 346 347 361 381 384 402 
 414 415 417 420 423 426 428 429 443 444 446 451 457 475 488 
 490 500 
 96 
 3 5 10 15 16 19 36 37 40 41 42 43 48 49 53 
 54 55 57 59 70 74 78 83 88 90 91 94 95 104 107 
 109 111 117 119 121 125 129 131 132 137 150 157 158 161 165 
 167 168 170 176 184 189 195 220 224 227 230 234 240 248 260 
 264 266 272 275 276 278 280 293 296 300 303 306 313 323 326 
 335 338 340 350 353 368 377 382 389 398 402 403 404 411 415 
 417 425 431 446 478 497 
 99 
 5 11 13 14 18 19 22 25 26 27 30 34 37 39 41 
 43 44 49 50 51 54 60 63 69 71 77 78 80 84 85 
 91 95 96 101 110 112 117 118 122 124 127 137 138 148 149 
 155 158 162 163 169 175 184 187 190 192 196 198 201 217 219 
 235 240 257 260 269 271 273 282 289 292 300 305 312 316 318 
 320 335 340 354 357 362 367 370 372 382 388 397 401 421 439 
 441 443 449 463 470 477 479 492 498 
 109 
 1 3 8 10 15 22 29 35 36 44 46 49 52 54 56 
 57 60 61 62 67 68 76 80 81 85 87 94 96 97 104 
 109 110 111 115 116 117 128 131 132 133 139 142 143 149 150 
 162 165 169 172 181 186 192 196 197 199 200 202 208 210 221 
 223 229 244 248 249 255 261 270 271 281 297 301 304 314 316 
 323 327 329 335 336 342 348 349 350 354 357 365 367 375 380 
 382 386 390 399 402 410 421 423 443 450 451 452 461 462 465 
 475 480 482 489 
 85 
 1 5 9 11 12 15 17 18 21 24 27 28 39 43 45 
 55 58 60 61 65 72 74 84 87 94 98 101 105 108 119 
 125 128 146 148 156 170 172 191 203 205 206 213 215 217 227 
 240 241 245 247 259 261 264 265 271 272 274 283 290 293 298 
 301 302 307 308 319 322 330 344 361 363 369 376 385 399 401 
 413 416 417 419 424 433 447 456 463 476 
 102 
 2 5 6 11 16 19 24 29 31 35 36 38 40 42 47 
 49 55 60 62 63 66 72 73 76 79 82 83 85 86 88 
 95 102 105 107 111 117 123 129 131 134 146 147 148 153 180 
 181 189 206 208 217 220 222 223 228 230 239 255 259 264 265 
 273 280 286 291 299 302 306 315 322 330 336 337 340 347 350 
 354 355 359 363 364 367 369 372 378 393 394 395 397 410 414 
 416 421 422 447 451 452 454 458 463 465 483 485 
 88 
 11 17 18 21 24 28 31 35 36 42 43 46 51 53 54 
 56 60 63 64 69 72 76 81 84 85 86 89 91 92 93 
 102 106 111 121 122 123 124 127 128 137 146 152 159 175 187 
 191 193 198 201 205 207 209 211 231 232 237 238 242 250 251 
 266 268 269 272 273 274 275 281 283 288 294 299 302 311 316 
 320 328 342 367 373 382 391 401 426 436 461 478 481 
 95 
 13 17 20 22 30 31 32 41 42 60 61 62 66 67 72 
 77 79 82 83 88 93 94 98 100 101 104 109 112 115 117 
 119 123 133 136 144 145 149 161 166 169 170 173 186 195 199 
 209 210 213 224 234 235 250 253 254 255 267 279 284 285 288 
 292 305 318 319 323 330 331 335 336 339 346 347 351 360 361 
 363 367 373 374 376 379 386 395 405 409 410 412 420 427 429 
 432 440 455 456 487 
 111 
 2 4 5 6 9 12 14 15 16 19 32 34 39 40 42 
 45 46 50 52 56 64 67 71 84 88 92 96 97 99 104 
 105 107 108 110 112 114 116 118 122 130 132 135 137 147 150 
 161 172 176 177 178 179 184 190 192 195 197 202 208 222 230 
 232 236 237 245 246 252 257 276 278 282 286 291 292 305 314 
 318 320 332 338 339 344 345 353 355 357 363 373 377 379 381 
 384 388 390 396 399 405 413 415 417 418 427 428 455 456 465 
 470 481 484 487 493 498 
 94 
 1 3 4 8 10 15 16 19 20 22 23 41 44 52 53 
 55 61 62 75 79 82 85 91 92 94 104 106 111 115 116 
 118 121 125 128 138 153 154 156 158 159 160 162 163 167 173 
 178 183 193 203 204 213 216 226 231 237 238 239 242 255 260 
 261 264 270 284 286 295 299 301 302 307 315 327 338 340 356 
 358 360 365 368 370 378 384 386 402 423 427 437 453 454 470 
 474 476 483 492 
 122 
 3 6 10 11 12 13 14 15 17 18 28 29 33 35 37 
 41 48 49 53 54 56 58 63 64 65 73 74 90 95 103 
 105 107 111 112 122 127 128 130 133 141 151 154 157 162 166 
 171 173 177 179 182 183 186 188 189 192 202 204 211 214 218 
 219 222 227 233 234 237 243 247 248 249 250 251 261 271 274 
 280 284 285 292 297 298 304 307 309 316 317 322 326 334 337 
 339 342 344 347 349 351 353 359 362 366 372 373 378 379 384 
 389 400 406 407 408 409 421 432 437 448 450 452 454 460 466 
 474 491 
 97 
 3 6 7 10 11 14 17 22 24 27 30 35 37 51 62 
 71 72 74 79 83 86 88 89 92 93 94 100 106 107 120 
 127 128 132 133 136 140 143 155 158 159 161 163 172 173 174 
 179 198 199 203 204 206 208 209 211 215 225 232 237 241 243 
 244 247 255 256 281 285 290 309 314 315 318 320 321 324 327 
 347 348 359 368 372 375 384 385 394 395 406 407 413 416 430 
 444 446 452 455 456 464 481 
 91 
 1 2 4 9 10 15 16 17 18 20 27 33 35 37 39 
 42 46 48 50 57 58 65 68 75 76 82 83 85 86 87 
 93 98 109 113 117 119 126 129 131 132 134 139 141 149 152 
 156 159 164 174 180 185 204 205 206 211 212 217 222 226 232 
 256 265 266 268 275 279 303 319 327 331 335 337 342 344 348 
 356 366 393 401 412 423 428 435 444 457 458 461 468 472 477 
 483 
 107 
 10 13 14 18 19 24 26 27 28 29 38 42 56 63 69 
 70 75 76 77 78 80 87 88 89 91 100 104 108 110 112 
 120 121 122 126 133 138 139 143 144 153 155 157 162 163 170 
 174 175 176 181 185 187 188 200 202 210 215 216 220 222 224 
 229 239 244 247 249 254 261 270 285 290 294 311 312 313 325 
 334 338 346 349 356 357 363 364 366 371 378 379 381 384 385 
 387 388 407 412 414 426 431 443 447 449 453 457 471 477 488 
 492 497 
 94 
 6 8 19 21 25 26 28 32 36 37 40 41 47 53 57 
 60 62 67 69 70 72 74 78 81 85 88 91 97 106 117 
 118 135 137 138 139 144 158 164 176 182 193 205 206 207 214 
 216 217 223 224 226 228 236 237 245 252 256 257 260 280 290 
 292 293 296 303 306 307 309 310 318 321 325 326 327 333 334 
 352 362 369 403 413 415 419 421 435 441 442 445 450 458 465 
 467 471 472 492 
 92 
 1 5 6 14 17 23 31 35 37 38 39 40 42 44 50 
 52 55 56 61 64 65 68 71 78 84 90 113 114 115 119 
 121 133 134 136 142 144 146 155 157 161 163 164 165 169 170 
 174 177 184 187 190 194 197 199 202 212 226 230 233 268 269 
 277 284 291 294 295 308 312 324 328 337 343 344 348 350 358 
 361 374 380 382 387 396 406 417 428 433 441 442 448 453 467 
 471 474 
 96 
 1 5 8 9 12 23 28 29 30 31 39 44 46 48 53 
 59 60 66 67 69 87 88 90 91 93 97 102 103 108 109 
 110 116 124 127 134 135 144 145 146 147 154 156 160 167 169 
 171 174 181 188 191 194 199 201 215 216 217 219 225 226 229 
 233 234 245 248 249 289 297 298 310 311 331 335 342 345 347 
 354 357 366 373 385 391 392 393 398 401 404 412 424 427 430 
 434 436 444 462 482 484 
 110 
 2 4 7 9 11 12 22 27 29 30 32 33 37 40 49 
 50 51 54 65 66 71 74 75 77 80 82 84 107 109 114 
 116 118 123 124 129 134 140 141 143 144 149 151 153 154 155 
 157 166 176 177 180 182 185 193 203 206 208 214 222 224 231 
 235 236 237 252 261 262 263 269 272 276 282 284 286 287 293 
 299 300 303 322 333 339 343 361 364 373 374 375 381 383 385 
 388 389 391 406 408 415 418 423 431 433 434 445 447 448 452 
 453 455 468 476 479 
 96 
 1 3 5 7 9 10 12 13 17 20 21 22 25 32 38 
 43 45 48 51 62 69 71 78 81 84 86 91 93 96 108 
 109 123 124 125 129 132 134 136 142 143 145 146 148 154 160 
 162 163 165 166 170 177 181 190 197 212 219 222 229 230 239 
 242 257 266 274 286 289 297 301 304 305 319 321 323 329 330 
 333 335 336 348 349 360 370 391 395 407 413 420 433 436 442 
 443 444 461 493 498 499 
 88 
 7 9 10 24 25 34 35 37 45 49 50 58 75 79 81 
 85 89 90 92 96 98 99 108 113 122 126 127 138 145 147 
 150 158 159 163 171 173 175 183 184 191 200 201 203 205 223 
 225 226 231 233 234 236 238 246 247 253 255 256 257 261 263 
 273 279 288 296 308 313 316 333 335 341 350 352 355 371 381 
 383 386 403 419 427 431 440 442 455 460 481 495 500 
 104 
 3 22 26 28 31 32 33 34 46 57 63 64 69 78 79 
 81 86 87 99 102 103 109 111 114 115 132 139 142 146 147 
 149 152 154 162 163 164 165 166 178 181 186 195 196 198 202 
 206 216 220 221 223 225 226 230 235 236 241 242 245 249 252 
 258 259 265 266 270 273 276 294 300 304 313 319 320 325 333 
 334 343 345 348 354 356 358 359 362 367 371 376 381 382 383 
 391 397 404 411 422 433 437 444 446 470 473 482 486 499 
 102 
 3 5 9 15 21 25 40 42 46 48 52 62 63 68 70 
 73 75 76 77 78 90 91 92 119 122 126 129 131 133 135 
 136 137 138 141 148 149 158 160 171 176 178 182 184 185 193 
 198 199 200 209 210 214 225 227 232 233 234 236 239 245 247 
 251 254 255 260 262 263 264 275 287 294 310 316 330 332 345 
 351 354 359 362 371 399 400 401 404 408 410 415 436 437 439 
 442 445 448 454 456 459 460 463 471 476 488 490 
 95 
 2 4 5 6 9 16 17 18 20 24 25 28 34 38 39 
 43 44 46 48 52 60 61 65 69 70 72 74 75 80 87 
 89 90 97 101 103 108 118 120 122 132 140 151 157 165 176 
 185 186 187 189 191 203 204 211 212 214 224 226 227 228 246 
 250 260 268 271 279 283 289 291 293 297 301 306 310 316 319 
 326 328 334 336 349 364 369 370 379 380 389 405 407 409 447 
 464 469 480 484 496 
 92 
 1 2 6 7 12 18 25 27 30 31 36 37 51 57 58 
 63 67 75 89 93 94 96 97 102 105 112 114 120 123 125 
 129 134 136 137 146 152 153 155 157 162 176 177 180 183 186 
 194 201 212 218 223 238 239 240 241 250 255 259 265 270 278 
 284 287 295 298 301 302 304 321 326 329 332 338 341 343 349 
 351 363 389 390 404 411 413 417 430 432 436 439 445 451 457 
 458 459 
 108 
 3 6 8 12 13 15 17 19 20 21 22 23 24 30 33 
 38 39 41 43 44 45 52 53 59 63 64 65 66 70 71 
 76 78 80 86 89 91 93 94 96 98 99 100 101 103 105 
 113 125 130 136 145 152 155 158 168 171 178 181 188 196 197 
 205 216 218 225 227 228 247 250 257 259 262 264 279 281 284 
 293 296 299 325 326 331 334 336 358 359 378 383 393 397 405 
 407 408 412 413 425 426 434 437 442 445 451 460 464 465 468 
 470 475 491 
 85 
 1 3 6 12 13 14 15 21 22 23 25 26 30 31 32 
 39 47 51 52 76 77 82 84 87 89 92 95 100 101 120 
 121 123 124 125 148 158 169 172 198 218 220 227 228 232 236 
 240 241 253 256 258 260 271 274 298 300 304 306 317 325 327 
 328 329 339 349 355 365 371 374 376 388 393 396 398 402 403 
 405 410 413 418 428 442 449 455 456 472 
 96 
 2 4 13 18 20 23 29 42 47 49 50 54 55 57 61 
 65 67 72 73 83 87 91 97 105 109 114 117 119 124 126 
 129 130 132 135 138 144 151 154 167 168 172 175 177 179 181 
 183 190 193 208 216 217 218 228 230 231 232 238 245 246 258 
 260 266 267 275 289 312 322 331 334 337 339 342 343 345 347 
 351 364 367 368 372 374 376 383 387 390 404 409 422 424 447 
 456 460 472 487 494 495 
 112 
 2 4 7 8 16 18 19 21 24 25 26 36 38 40 41 
 42 50 51 52 54 56 57 59 61 69 72 73 87 90 98 
 99 100 110 118 120 121 123 124 128 129 130 135 137 140 143 
 150 159 167 168 169 172 174 175 182 183 186 192 196 200 204 
 205 209 221 225 237 238 248 251 255 256 259 262 263 265 268 
 272 274 278 281 283 294 298 300 304 309 318 320 321 329 341 
 346 351 357 358 368 371 374 380 391 398 403 410 417 419 440 
 443 468 471 479 485 487 489 
 92 
 3 4 5 6 8 9 10 11 12 16 18 26 29 31 35 
 38 39 44 46 47 48 49 58 65 66 77 93 97 101 103 
 105 113 122 129 131 141 167 168 171 174 180 188 190 193 194 
 196 198 203 207 208 210 219 221 224 253 257 261 264 265 272 
 276 277 278 285 290 294 307 308 310 311 316 317 320 323 328 
 352 353 392 400 405 411 415 416 420 428 445 446 462 467 478 
 484 489 
 83 
 2 3 7 13 15 18 22 25 36 37 40 44 52 57 59 
 67 76 79 80 86 88 91 95 99 112 132 139 140 141 146 
 152 157 162 166 172 173 178 179 180 191 192 204 208 213 214 
 215 222 225 226 234 249 252 258 263 270 274 276 277 278 286 
 287 288 296 300 305 308 309 325 328 329 333 366 369 380 390 
 396 425 438 459 464 479 488 499 
 98 
 1 2 3 5 11 14 16 22 24 25 29 31 33 34 35 
 39 46 47 48 49 56 57 58 66 68 70 71 75 76 77 
 83 86 88 92 97 106 107 113 116 117 121 123 135 140 141 
 145 148 150 151 161 166 167 171 176 182 195 209 212 218 228 
 230 233 234 235 241 243 248 254 267 276 278 281 283 288 289 
 292 296 299 306 307 310 312 313 315 332 342 352 355 384 387 
 390 395 397 424 429 435 438 483 
 92 
 1 2 5 8 15 21 23 24 27 30 34 37 40 46 50 
 51 53 55 56 58 62 64 66 75 90 102 110 115 116 120 
 125 126 140 142 161 165 168 178 187 191 198 200 202 205 211 
 217 223 228 237 244 245 256 257 259 266 270 276 281 292 297 
 300 303 311 313 315 318 326 329 330 331 333 340 353 357 372 
 375 377 404 409 412 417 431 433 439 449 450 451 459 472 474 
 480 491 
 95 
 3 4 6 8 11 12 13 20 21 23 27 30 33 34 35 
 40 42 46 58 59 63 66 79 84 88 90 95 96 99 103 
 115 130 135 142 147 148 149 151 153 156 161 168 178 180 185 
 187 188 196 198 201 207 208 209 213 232 239 240 244 247 249 
 260 269 272 283 287 288 290 299 302 310 312 317 321 323 327 
 328 331 333 344 346 351 353 365 392 398 400 409 411 421 430 
 434 435 443 449 467 
 100 
 2 6 8 23 26 31 32 36 38 40 41 47 48 51 60 
 71 73 74 76 77 80 81 82 83 89 98 101 107 110 112 
 113 117 123 124 128 135 138 144 147 152 160 162 170 177 183 
 184 185 190 194 197 203 210 215 217 219 220 228 236 243 251 
 254 258 269 272 289 303 309 332 337 341 342 350 351 352 354 
 361 369 370 374 382 388 391 393 394 395 396 402 403 407 411 
 420 440 450 452 457 460 465 469 486 493 
 118 
 7 8 9 14 15 23 24 27 29 31 33 40 45 47 49 
 54 58 60 62 63 68 73 76 81 85 89 91 95 96 99 
 100 101 105 111 114 115 121 124 130 131 134 138 139 142 147 
 152 155 156 159 160 161 165 169 171 184 185 186 190 191 193 
 201 204 218 220 221 222 227 230 232 240 244 246 254 259 264 
 268 269 273 288 291 298 304 307 309 310 312 314 324 331 338 
 343 354 355 358 360 365 372 377 380 381 387 391 399 401 406 
 420 422 423 430 431 437 438 440 441 466 473 489 494 
 95 
 2 4 7 11 17 19 20 25 32 34 48 54 61 64 70 
 73 74 75 79 80 81 85 86 93 101 102 104 105 106 116 
 118 126 128 131 136 143 151 153 156 157 164 173 175 180 184 
 188 189 192 196 199 202 207 209 212 214 219 238 243 256 265 
 267 269 276 289 290 293 297 302 306 332 334 339 341 344 345 
 362 363 366 392 394 396 400 408 414 432 434 436 440 441 453 
 454 461 463 469 492 
 101 
 3 5 7 9 12 20 24 26 45 47 54 55 59 66 69 
 70 74 78 79 82 89 94 96 101 103 105 109 113 114 136 
 137 142 145 148 151 155 159 161 165 166 168 174 179 182 188 
 189 190 192 194 198 205 207 211 215 223 233 234 242 248 257 
 258 269 271 277 285 287 291 292 297 301 306 308 312 314 323 
 340 341 342 343 350 353 362 364 376 378 379 388 392 395 402 
 441 448 453 457 464 469 471 473 484 490 493 
 95 
 1 2 3 7 10 14 21 24 26 28 30 32 33 35 39 
 49 50 61 69 80 92 107 110 113 118 121 126 127 133 134 
 137 140 145 146 153 160 163 172 173 181 189 196 204 209 213 
 221 239 244 249 253 254 264 266 267 268 273 274 288 290 292 
 294 295 296 314 315 317 319 322 324 326 332 340 353 355 357 
 359 370 387 389 394 397 399 403 426 427 432 438 439 444 458 
 473 474 477 479 486 
 112 
 6 10 11 17 20 21 25 27 32 35 37 43 44 45 48 
 52 56 58 59 68 70 71 75 84 88 89 92 93 100 101 
 102 107 108 109 110 111 118 120 127 128 139 141 142 145 164 
 178 179 180 181 188 189 193 194 197 200 202 203 207 208 212 
 216 220 223 228 235 238 241 244 245 250 267 270 271 273 275 
 280 282 283 313 314 321 324 325 328 330 331 336 343 344 352 
 365 366 373 375 385 390 393 400 406 418 421 422 428 434 438 
 445 462 475 488 493 494 500 
 102 
 2 4 7 9 10 11 13 14 16 21 22 27 30 40 41 
 43 47 55 62 63 64 68 72 73 77 78 81 87 92 97 
 99 100 102 104 106 113 114 115 116 119 143 146 147 149 154 
 156 160 164 171 175 179 181 183 188 189 191 199 206 210 213 
 214 229 231 236 240 243 246 252 253 261 268 278 282 284 286 
 288 302 303 308 309 315 324 336 349 355 358 360 365 371 372 
 376 377 411 419 431 462 468 474 477 486 495 497 
