 50 500 
 1 1 1 1 1 1 1 1 1 1 1 1 1 1 1 
 1 1 1 1 1 1 1 1 1 1 1 1 1 1 1 
 1 1 1 1 1 1 1 1 1 1 1 1 1 1 1 
 1 1 1 1 1 1 1 1 1 1 1 1 1 1 1 
 1 1 1 1 1 1 1 1 1 1 1 1 1 1 1 
 1 1 1 1 1 1 1 1 1 1 1 1 1 1 1 
 1 1 1 1 1 1 1 1 1 1 1 1 1 1 1 
 1 1 1 1 1 1 1 1 1 1 1 1 1 1 1 
 1 1 1 1 1 1 1 1 1 1 1 1 1 1 1 
 1 1 1 1 1 1 1 1 1 1 1 1 1 1 1 
 1 1 1 1 1 1 1 1 1 1 1 1 1 1 1 
 1 1 1 1 1 1 1 1 1 1 1 1 1 1 1 
 1 1 1 1 1 1 1 1 1 1 1 1 1 1 1 
 1 1 1 1 1 1 1 1 1 1 1 1 1 1 1 
 1 1 1 1 1 1 1 1 1 1 1 1 1 1 1 
 1 1 1 1 1 1 1 1 1 1 1 1 1 1 1 
 1 1 1 1 1 1 1 1 1 1 1 1 1 1 1 
 1 1 1 1 1 1 1 1 1 1 1 1 1 1 1 
 1 1 1 1 1 1 1 1 1 1 1 1 1 1 1 
 1 1 1 1 1 1 1 1 1 1 1 1 1 1 1 
 1 1 1 1 1 1 1 1 1 1 1 1 1 1 1 
 1 1 1 1 1 1 1 1 1 1 1 1 1 1 1 
 1 1 1 1 1 1 1 1 1 1 1 1 1 1 1 
 1 1 1 1 1 1 1 1 1 1 1 1 1 1 1 
 1 1 1 1 1 1 1 1 1 1 1 1 1 1 1 
 1 1 1 1 1 1 1 1 1 1 1 1 1 1 1 
 1 1 1 1 1 1 1 1 1 1 1 1 1 1 1 
 1 1 1 1 1 1 1 1 1 1 1 1 1 1 1 
 1 1 1 1 1 1 1 1 1 1 1 1 1 1 1 
 1 1 1 1 1 1 1 1 1 1 1 1 1 1 1 
 1 1 1 1 1 1 1 1 1 1 1 1 1 1 1 
 1 1 1 1 1 1 1 1 1 1 1 1 1 1 1 
 1 1 1 1 1 1 1 1 1 1 1 1 1 1 1 
 1 1 1 1 1 
 93 
 1 5 9 12 17 19 21 27 31 34 37 41 43 44 46 
 47 52 57 60 66 70 73 81 84 85 100 103 109 120 121 
 123 124 126 128 130 134 143 146 147 148 150 151 155 159 163 
 179 186 187 194 196 200 202 211 217 223 227 228 229 235 256 
 258 260 261 262 267 268 270 286 291 300 310 315 321 337 340 
 343 352 354 359 378 389 392 399 423 431 438 440 442 447 452 
 456 476 496 
 105 
 2 5 9 11 12 13 15 16 20 23 24 25 30 33 36 
 39 40 41 42 48 49 51 52 55 59 62 63 69 78 81 
 83 84 90 98 109 111 112 115 124 125 126 127 132 136 138 
 139 141 145 146 152 163 170 177 181 187 188 189 196 200 204 
 208 210 218 219 220 223 226 241 242 245 263 269 272 286 287 
 292 293 295 302 307 312 317 324 336 341 360 372 378 379 387 
 389 390 394 397 406 409 418 425 430 445 449 454 472 473 490 
 99 
 8 13 16 17 19 20 25 28 30 33 36 37 38 40 42 
 43 48 49 50 54 57 68 69 71 74 76 77 78 79 80 
 102 103 104 118 126 129 130 142 143 145 147 149 154 155 163 
 165 171 174 175 178 180 181 192 198 200 201 204 210 224 227 
 230 233 236 239 246 265 273 279 288 296 298 303 312 313 314 
 321 322 326 327 328 330 345 353 356 362 374 402 412 419 433 
 436 438 451 457 458 460 471 486 493 
 100 
 3 12 14 17 23 26 27 28 32 42 44 47 51 53 54 
 56 57 61 64 79 86 94 95 96 110 117 121 125 127 135 
 136 139 143 144 145 149 150 152 160 161 163 165 167 169 178 
 179 184 197 199 203 204 209 213 218 223 229 237 240 248 255 
 258 261 264 266 295 297 298 299 301 303 305 306 307 308 311 
 317 320 322 323 325 327 329 335 346 354 365 366 371 376 382 
 384 394 412 420 424 431 440 452 455 485 
 90 
 3 5 7 8 18 19 26 29 30 41 45 49 56 57 60 
 62 67 73 74 78 80 93 94 97 99 100 101 104 108 111 
 115 116 119 121 136 137 143 149 151 153 157 164 166 179 181 
 197 211 214 215 234 236 240 245 248 251 262 270 273 281 282 
 288 289 302 312 315 320 322 324 327 335 337 349 352 375 379 
 381 382 384 390 394 404 415 416 419 433 443 477 478 492 500 
 103 
 1 12 17 19 20 26 30 32 39 41 54 56 59 61 63 
 64 66 69 76 77 80 85 102 106 108 109 116 117 120 123 
 126 130 131 133 136 140 150 156 162 168 169 176 179 180 185 
 186 187 190 191 206 208 214 215 220 221 222 224 232 245 246 
 247 249 250 256 260 264 265 270 281 285 291 303 307 308 311 
 317 318 320 321 322 323 328 333 336 342 353 366 373 379 382 
 386 390 394 401 406 416 417 421 424 439 451 460 461 
 86 
 2 4 6 8 11 17 21 22 23 24 31 35 38 46 56 
 57 63 71 76 87 94 96 98 101 104 109 110 111 112 115 
 119 120 125 128 133 134 140 145 150 159 160 162 172 190 198 
 213 215 218 226 240 241 248 253 265 266 270 271 275 276 279 
 281 284 298 307 326 332 344 351 353 355 359 376 378 386 387 
 390 420 427 429 440 462 463 467 470 471 479 
 99 
 4 6 7 10 14 18 19 21 25 31 42 54 64 65 69 
 71 72 78 83 84 89 93 95 97 100 107 111 117 118 122 
 127 128 132 138 148 149 153 169 171 172 173 174 177 196 201 
 204 209 212 215 218 221 225 234 235 243 251 255 257 263 268 
 276 294 302 309 310 313 314 315 324 325 333 343 359 360 371 
 374 376 378 380 385 401 403 408 418 419 420 421 422 426 433 
 437 444 448 449 453 464 468 475 497 
 95 
 1 6 8 9 18 24 25 26 29 31 32 33 40 42 46 
 48 60 70 84 90 108 110 113 117 118 129 132 133 134 135 
 138 140 144 146 147 148 157 158 166 168 171 174 178 185 186 
 192 193 200 203 209 226 228 232 233 239 242 243 249 263 266 
 271 275 285 286 289 292 299 309 312 326 334 348 349 351 357 
 369 383 384 388 398 400 403 404 416 426 427 433 435 436 461 
 469 481 489 490 493 
 101 
 3 9 16 17 21 22 23 27 30 39 40 50 51 57 59 
 60 65 67 77 81 82 86 89 90 93 94 96 102 105 107 
 111 113 125 134 136 137 142 149 153 154 156 160 168 170 172 
 176 180 182 183 184 186 188 190 202 208 225 226 229 233 242 
 245 251 252 254 268 269 270 278 291 293 301 303 307 313 316 
 318 331 339 357 360 361 363 377 378 384 385 387 393 398 404 
 405 423 424 429 435 439 444 454 474 477 487 
 112 
 2 5 10 18 19 20 23 24 29 31 35 36 39 42 47 
 48 49 52 55 56 63 65 67 71 72 75 76 77 78 82 
 86 88 92 96 98 99 103 112 119 122 127 131 135 143 144 
 149 153 162 165 166 167 168 172 175 179 188 191 206 208 210 
 211 222 224 225 233 238 241 253 260 263 264 268 269 272 274 
 275 285 286 288 289 290 302 304 306 318 321 323 336 340 342 
 343 350 359 361 364 380 396 401 405 406 407 408 409 413 418 
 419 420 441 449 455 465 476 
 98 
 1 4 6 11 15 19 21 30 32 34 38 40 41 45 48 
 49 50 53 59 66 67 76 79 81 83 85 87 92 93 102 
 107 112 114 118 119 135 138 148 154 159 161 167 168 177 180 
 188 189 198 200 203 204 208 228 230 236 239 240 242 256 257 
 264 269 271 273 274 275 282 285 288 291 294 295 304 305 306 
 310 312 314 321 329 335 341 349 362 368 372 385 408 412 417 
 423 433 445 461 468 469 475 481 
 93 
 1 3 7 8 10 11 12 14 15 16 22 23 28 34 35 
 37 57 60 65 67 68 74 75 80 84 86 111 112 116 130 
 134 140 145 164 175 178 180 182 183 185 196 198 201 204 205 
 206 210 211 220 221 225 226 231 240 245 250 259 261 262 263 
 270 273 282 283 289 291 319 332 334 337 338 340 342 346 352 
 357 358 360 368 370 374 381 396 399 402 405 415 418 424 429 
 446 469 488 
 101 
 1 2 4 10 11 12 13 17 22 23 24 35 39 41 42 
 50 51 64 66 69 73 75 85 86 88 89 92 94 99 112 
 116 123 129 134 139 151 155 158 165 170 175 181 182 183 189 
 194 195 198 199 222 230 232 233 247 253 257 260 267 273 278 
 280 283 286 287 294 296 297 300 306 316 317 319 324 326 330 
 331 333 339 342 347 350 351 357 366 372 377 378 380 381 386 
 387 389 398 423 425 441 442 446 477 478 489 
 99 
 1 5 13 14 15 16 19 22 24 27 28 35 38 39 41 
 43 47 54 55 58 66 68 70 76 77 78 81 82 87 95 
 98 99 109 114 115 121 124 126 127 141 142 146 147 154 156 
 159 162 164 170 175 180 184 185 191 193 199 205 206 214 216 
 218 220 227 231 232 236 240 242 255 256 274 278 280 281 287 
 289 299 304 311 326 327 335 337 352 356 358 361 369 371 381 
 391 404 417 437 446 459 464 482 495 
 94 
 5 8 10 11 18 21 31 32 35 40 42 46 66 68 72 
 80 81 85 86 89 91 95 99 103 107 110 114 116 120 124 
 126 127 132 148 158 160 161 171 176 177 179 184 195 201 202 
 205 224 230 233 240 244 245 247 250 255 262 267 270 276 279 
 286 295 301 304 320 326 332 339 340 341 344 345 349 355 371 
 383 389 393 395 396 400 401 408 410 414 421 434 443 454 457 
 471 479 486 494 
 91 
 6 9 14 19 24 25 27 31 32 33 35 36 39 48 51 
 59 67 82 88 92 94 95 96 105 111 116 122 123 127 133 
 138 140 142 157 161 172 174 177 180 181 185 186 189 199 209 
 213 228 229 230 235 236 239 249 250 261 262 269 271 277 283 
 286 292 297 298 299 307 309 310 319 328 336 337 339 348 357 
 358 368 371 375 385 390 392 407 411 412 455 457 462 472 484 
 485 
 100 
 1 2 3 9 12 13 20 26 30 32 37 45 47 50 51 
 52 56 64 65 72 74 84 85 86 87 91 97 98 100 101 
 104 105 106 113 114 115 118 119 123 124 125 134 137 140 141 
 144 153 156 161 165 171 173 176 183 184 186 191 192 194 195 
 203 205 206 208 209 210 221 222 223 235 248 252 254 261 268 
 273 280 283 287 296 305 314 331 363 364 367 369 373 374 381 
 389 401 414 420 427 434 444 452 457 467 
 96 
 1 2 3 6 13 15 16 21 27 33 34 38 44 53 55 
 60 61 63 72 73 75 87 90 97 103 104 109 110 113 114 
 121 122 132 133 144 147 154 157 160 169 175 183 184 186 197 
 200 207 208 211 215 216 225 229 231 234 238 244 250 252 254 
 262 263 270 276 290 292 308 315 323 324 328 337 339 340 343 
 348 354 355 360 362 370 383 395 403 407 413 417 419 421 428 
 433 446 452 478 483 499 
 95 
 2 3 4 5 6 7 8 10 14 15 27 28 34 41 44 
 48 50 53 60 63 65 70 74 78 79 81 85 97 102 108 
 122 124 132 133 137 139 141 150 156 157 162 164 168 171 179 
 195 198 200 216 222 226 232 241 247 248 252 255 256 260 261 
 263 274 275 277 280 282 283 284 289 301 303 304 308 315 316 
 324 328 329 330 345 350 361 379 391 400 405 416 422 430 438 
 462 467 470 475 487 
 121 
 4 5 6 7 10 11 12 13 15 20 21 22 24 27 32 
 33 35 36 37 38 44 46 49 51 52 53 54 55 62 67 
 68 70 71 76 80 82 85 88 91 94 95 98 105 110 119 
 122 130 131 135 144 145 147 152 159 160 162 172 173 174 175 
 179 182 184 189 197 198 204 206 208 209 216 217 225 229 233 
 237 238 243 246 254 259 269 273 275 277 278 279 281 291 297 
 298 300 307 308 315 318 324 334 338 339 348 352 358 364 366 
 367 368 378 379 383 388 389 395 399 414 426 434 455 456 479 
 500 
 101 
 2 5 8 10 11 12 15 16 23 24 25 28 29 35 38 
 42 43 44 45 48 50 51 53 54 55 59 70 80 82 87 
 91 92 95 96 97 101 103 109 111 113 115 116 119 120 123 
 128 129 131 135 136 142 146 150 167 168 175 177 183 190 192 
 193 201 208 213 214 220 227 235 243 246 247 257 265 269 271 
 276 280 287 293 309 328 334 335 341 342 350 352 366 377 379 
 384 387 402 404 432 436 443 451 463 482 485 
 91 
 4 7 12 14 21 26 28 33 37 38 47 53 54 56 59 
 60 62 64 65 67 68 69 74 75 82 84 87 88 89 92 
 97 100 102 104 117 121 124 128 137 139 153 157 158 162 168 
 170 183 186 199 201 202 204 205 209 210 211 212 213 215 216 
 217 222 224 250 256 266 269 276 278 292 294 312 319 320 329 
 359 362 363 369 380 398 400 411 420 422 428 437 467 482 484 
 498 
 105 
 3 5 7 8 11 15 16 17 18 28 29 30 32 34 36 
 37 38 39 45 48 49 52 53 58 65 66 71 72 73 78 
 82 99 105 106 112 119 125 126 128 129 130 131 135 146 149 
 150 154 162 176 181 189 195 196 199 203 208 220 221 225 231 
 240 244 250 252 254 257 258 264 267 279 287 292 294 296 298 
 302 305 306 310 325 330 337 347 356 358 361 363 384 386 392 
 393 400 406 410 414 421 422 426 435 441 443 444 448 461 466 
 111 
 1 3 4 5 8 10 14 15 25 27 32 36 43 53 54 
 57 60 62 63 67 74 77 79 83 86 96 98 99 103 104 
 108 112 114 115 120 123 124 128 130 131 132 133 138 144 145 
 152 154 155 156 163 166 169 180 182 186 189 190 191 194 202 
 204 206 207 219 220 224 226 232 256 261 264 272 277 288 293 
 296 300 301 303 305 311 318 320 325 330 331 332 344 353 354 
 361 364 365 373 374 377 403 406 410 415 424 431 434 447 448 
 449 458 459 465 466 469 
 88 
 4 7 8 22 26 29 31 32 33 34 61 71 78 79 80 
 84 87 92 93 96 97 108 113 116 118 121 130 134 136 137 
 143 155 164 167 176 187 200 203 205 206 210 212 213 216 217 
 223 227 235 238 243 249 251 252 284 288 299 309 312 316 325 
 326 330 347 351 352 354 356 363 368 370 372 385 390 391 392 
 396 398 402 408 416 418 429 431 445 450 465 472 489 
 99 
 2 3 9 10 17 18 19 20 23 24 25 27 30 32 33 
 45 47 54 59 62 70 75 76 87 99 101 107 113 120 127 
 129 130 132 137 138 139 142 147 151 157 161 164 175 177 181 
 192 194 212 227 229 231 232 234 236 238 241 245 254 258 274 
 275 293 297 299 307 308 309 314 319 327 338 342 354 366 370 
 372 375 376 380 386 389 391 396 405 410 439 447 452 458 460 
 470 471 473 474 478 486 491 493 497 
 111 
 3 5 6 7 12 16 17 20 22 24 28 29 41 42 43 
 46 47 48 50 56 63 69 74 75 77 79 88 89 99 101 
 103 105 106 108 113 117 125 129 130 139 141 145 150 151 153 
 157 158 166 170 174 176 178 182 184 194 198 202 206 207 212 
 219 224 234 235 247 250 257 258 259 265 266 267 272 279 290 
 294 302 304 312 319 323 340 342 347 348 355 356 366 368 377 
 380 388 391 395 404 409 412 415 424 427 428 432 435 439 440 
 460 465 474 475 479 492 
 90 
 2 18 21 22 26 31 34 44 46 51 58 59 60 62 66 
 80 84 86 89 92 93 96 97 99 100 104 106 111 114 122 
 128 131 139 150 152 154 156 157 164 166 172 184 190 191 192 
 195 196 199 202 207 210 212 217 222 236 237 238 244 249 253 
 255 259 261 270 279 288 293 299 305 314 317 329 331 333 340 
 353 359 364 365 394 397 403 405 409 430 445 454 460 483 485 
 85 
 5 10 12 13 18 20 21 23 26 28 29 31 38 43 56 
 57 61 62 64 66 69 77 83 84 86 101 104 108 120 123 
 125 138 139 140 143 153 154 166 167 169 170 175 180 182 187 
 191 196 202 203 207 211 223 231 233 234 238 241 244 246 257 
 265 267 268 275 283 295 300 305 316 322 333 344 366 368 370 
 388 410 412 419 432 464 465 494 496 498 
 100 
 1 3 6 10 19 20 21 23 26 27 34 36 37 38 44 
 45 46 51 54 57 59 64 66 67 68 71 72 77 79 83 
 84 85 102 105 106 107 110 115 120 121 122 123 125 127 132 
 143 155 159 164 171 173 195 202 214 215 219 228 229 236 243 
 249 251 262 264 290 291 297 298 300 308 311 316 318 320 333 
 336 354 356 361 362 374 375 383 385 386 415 432 434 436 445 
 450 451 452 461 464 479 484 486 488 491 
 107 
 1 3 4 9 11 12 15 22 25 30 31 36 39 40 43 
 45 46 52 57 62 64 65 66 71 75 76 79 83 91 95 
 96 99 100 105 106 109 110 113 114 116 117 119 124 125 126 
 132 146 159 161 162 167 169 178 186 190 193 194 202 214 221 
 222 223 226 240 252 254 258 262 266 268 272 277 282 283 287 
 293 295 302 319 326 338 339 343 348 349 363 365 378 382 385 
 395 415 429 433 436 447 453 457 460 464 466 470 472 476 482 
 496 499 
 90 
 6 10 15 16 18 22 23 28 35 37 58 62 65 67 72 
 73 74 75 83 90 92 93 102 126 127 135 136 137 139 140 
 143 144 152 158 163 167 173 174 188 191 192 197 211 213 215 
 216 217 219 220 230 232 235 247 253 275 278 281 290 303 310 
 313 314 317 318 324 328 329 333 336 341 346 365 367 369 371 
 375 382 384 409 411 413 416 417 426 429 435 437 442 466 480 
 96 
 1 2 4 10 14 16 18 21 32 39 41 42 44 46 51 
 58 63 65 69 70 76 78 90 91 93 107 112 119 120 122 
 129 139 141 151 155 160 174 177 179 185 187 188 193 198 205 
 208 212 218 237 238 239 241 245 248 254 257 260 263 265 266 
 268 272 274 282 284 303 306 315 322 327 334 336 338 341 343 
 348 358 375 379 384 388 392 394 397 399 416 425 427 430 442 
 444 453 458 478 483 488 
 101 
 1 2 8 9 14 15 17 19 20 23 25 27 36 37 41 
 45 46 47 49 52 55 56 59 61 68 69 72 73 74 78 
 81 85 89 91 94 97 100 101 102 103 107 109 115 116 118 
 129 133 134 147 159 165 167 173 174 180 181 182 183 193 203 
 212 214 216 219 221 227 238 253 254 258 260 267 278 284 285 
 288 289 290 297 311 313 315 318 330 350 364 372 387 393 396 
 398 411 414 438 446 453 456 458 468 473 495 
 112 
 1 2 3 6 7 9 10 17 23 24 26 39 40 44 45 
 49 50 56 58 63 65 79 80 85 88 100 101 106 110 115 
 124 127 128 133 137 145 147 160 162 169 172 173 176 178 185 
 191 195 196 201 207 214 216 219 230 231 232 238 241 243 246 
 249 265 267 271 273 277 280 281 295 299 300 304 310 312 317 
 320 327 331 334 338 340 341 349 350 351 353 355 357 358 367 
 370 373 376 408 424 425 426 427 428 429 431 437 448 454 456 
 459 463 477 483 487 492 495 
 93 
 4 11 12 13 16 22 30 34 36 39 48 50 52 55 61 
 64 69 76 88 90 94 95 98 101 105 108 109 110 113 118 
 121 131 136 137 141 142 144 146 155 160 165 188 189 192 207 
 210 237 242 244 245 248 252 256 257 261 266 271 276 280 284 
 291 292 293 296 305 310 318 327 334 335 337 339 343 359 375 
 382 390 393 397 402 411 419 421 423 432 434 443 453 454 455 
 475 487 490 
 96 
 2 11 13 18 20 22 24 25 27 29 36 44 46 47 48 
 51 57 58 61 64 68 70 73 74 77 78 82 88 117 122 
 126 128 142 151 152 155 157 158 176 179 184 185 188 189 194 
 195 199 203 205 206 213 218 220 222 228 235 237 239 241 242 
 243 244 251 255 269 274 278 292 296 300 308 316 319 320 325 
 342 344 345 352 368 376 377 387 388 394 396 399 417 430 439 
 443 448 450 455 461 472 
 96 
 6 8 9 12 13 14 17 24 26 28 29 34 42 44 47 
 53 56 58 63 64 68 70 73 76 77 79 80 81 83 87 
 97 104 105 107 108 116 121 134 138 140 142 148 149 159 160 
 166 169 170 177 180 188 189 193 196 198 201 202 207 223 224 
 244 247 250 272 279 289 294 301 305 313 315 316 323 331 332 
 333 345 346 356 363 364 365 372 377 380 391 397 400 407 423 
 435 441 456 459 462 492 
 85 
 6 7 9 13 15 18 20 22 26 32 33 40 49 50 58 
 66 68 72 82 90 92 94 100 102 111 112 117 121 131 135 
 148 150 151 152 153 156 158 161 170 172 179 185 187 190 194 
 209 212 218 221 224 229 233 236 237 240 245 246 258 263 272 
 274 279 297 313 316 319 332 336 338 350 351 357 360 362 381 
 383 389 399 422 425 428 464 473 485 491 
 100 
 4 6 13 14 17 23 27 28 29 31 33 37 43 45 48 
 53 55 56 58 65 77 81 83 85 87 91 94 95 106 111 
 115 118 122 130 133 142 148 149 151 153 154 156 157 167 169 
 181 192 194 197 201 205 207 212 216 217 219 228 231 234 235 
 236 237 244 246 248 281 285 289 300 301 304 306 311 323 328 
 335 338 348 351 355 360 367 369 372 374 381 393 400 404 407 
 415 421 427 428 434 436 456 459 465 480 
 117 
 3 4 5 7 9 13 14 15 25 26 29 31 33 34 43 
 47 54 58 59 60 61 67 68 69 77 82 83 88 89 93 
 96 106 107 110 114 118 124 125 126 133 138 140 146 147 153 
 160 163 165 170 178 181 183 187 191 192 196 200 203 213 214 
 219 226 227 228 231 233 237 246 247 251 255 259 271 273 284 
 286 295 298 299 302 313 321 331 336 340 344 346 347 349 357 
 369 370 373 375 380 386 392 394 395 397 401 407 409 411 420 
 430 438 439 445 447 449 462 463 471 481 489 499 
 97 
 2 4 7 8 11 13 14 21 28 34 35 36 37 38 41 
 44 50 52 58 61 62 70 71 75 80 81 86 90 96 105 
 107 109 110 120 122 123 124 131 134 135 138 140 141 148 161 
 164 173 174 177 183 185 195 197 213 217 229 230 243 248 251 
 252 253 256 257 259 262 267 273 277 290 291 298 301 309 310 
 314 326 334 343 358 367 370 388 393 400 401 403 410 417 422 
 426 428 450 466 467 469 481 
 97 
 1 10 40 41 45 46 50 51 52 53 55 57 60 71 72 
 73 82 83 86 88 89 91 93 95 105 108 117 118 128 132 
 135 144 146 156 163 165 168 173 175 176 182 186 188 189 190 
 193 197 204 209 212 213 215 217 218 226 230 234 239 242 258 
 260 266 269 271 280 283 285 287 293 294 301 302 343 346 351 
 353 355 361 373 376 392 395 396 402 403 409 418 422 430 437 
 441 459 463 480 484 497 498 
 116 
 2 8 9 13 16 19 25 26 27 29 37 40 41 45 49 
 50 52 53 54 55 59 68 75 78 79 83 87 88 89 90 
 91 93 95 98 100 101 102 104 119 130 131 135 142 143 149 
 155 163 165 170 171 172 182 187 188 190 195 196 200 201 205 
 207 210 211 214 218 220 222 225 227 230 239 244 246 251 254 
 255 266 276 285 287 292 295 309 322 323 325 329 331 345 350 
 353 364 367 369 371 374 398 399 406 407 413 425 432 440 442 
 449 450 451 453 468 470 473 480 483 488 496 
 108 
 3 7 8 11 18 28 35 39 42 43 44 45 46 52 55 
 56 58 60 61 62 67 73 75 76 81 84 86 89 90 91 
 92 101 113 114 117 126 129 132 141 144 145 147 148 150 151 
 161 163 165 168 171 177 178 183 185 197 198 199 200 211 215 
 223 228 232 241 243 249 251 253 256 259 271 272 278 280 282 
 294 309 314 321 325 327 328 329 332 341 344 381 382 393 397 
 399 405 406 412 413 414 423 431 435 440 451 457 468 474 476 
 491 493 494 
 107 
 2 5 6 9 11 14 16 19 20 21 22 25 30 35 40 
 43 48 49 54 63 66 69 73 92 93 94 102 103 106 109 
 111 113 114 129 131 136 137 145 152 156 158 159 161 162 164 
 167 176 184 187 194 197 206 211 214 219 221 223 224 239 247 
 249 250 252 259 260 264 265 267 268 270 274 277 281 282 284 
 290 296 308 311 317 321 322 324 330 339 344 345 346 347 356 
 362 379 382 383 386 388 390 391 397 408 431 442 444 474 477 
 480 482 
 88 
 1 3 4 20 24 25 30 37 39 40 43 47 52 55 62 
 71 72 81 87 90 91 97 98 100 116 117 119 120 123 133 
 138 139 141 146 151 158 159 166 168 169 171 172 178 182 187 
 190 191 193 205 207 209 225 231 234 239 253 255 259 263 268 
 277 282 283 296 304 313 321 332 333 337 341 346 354 355 363 
 365 367 376 383 387 392 410 413 436 437 448 463 476 
 93 
 5 7 9 16 18 29 33 34 35 38 40 42 43 49 51 
 55 57 61 63 64 70 72 73 74 79 82 88 89 90 98 
 99 103 104 112 128 136 141 148 149 152 158 163 166 173 178 
 181 193 199 203 209 217 221 225 227 228 237 242 253 258 259 
 260 261 264 265 284 285 290 306 307 311 322 334 335 338 342 
 347 349 362 373 377 385 401 402 411 413 432 438 446 458 466 
 481 495 500 
 101 
 1 4 5 7 11 12 17 19 30 31 33 36 38 47 49 
 53 61 70 71 74 75 80 84 85 91 92 98 103 106 107 
 108 112 114 115 118 121 123 125 127 129 134 136 137 140 143 
 152 154 155 164 166 171 173 174 192 193 197 199 201 204 210 
 215 234 242 248 249 262 264 272 276 286 288 297 303 306 317 
 323 325 329 330 332 335 345 347 359 360 365 371 373 391 395 
 398 414 418 425 441 447 450 462 484 490 494 
