 50 500 
 1 1 1 1 1 1 1 1 1 1 1 1 1 1 1 
 1 1 1 1 1 1 1 1 1 1 1 1 1 1 1 
 1 1 1 1 1 1 1 1 1 1 1 1 1 1 1 
 1 1 1 1 1 1 1 1 1 1 1 1 1 1 1 
 1 1 1 1 1 1 1 1 1 1 1 1 1 1 1 
 1 1 1 1 1 1 1 1 1 1 1 1 1 1 1 
 1 1 1 1 1 1 1 1 1 1 1 1 1 1 1 
 1 1 1 1 1 1 1 1 1 1 1 1 1 1 1 
 1 1 1 1 1 1 1 1 1 1 1 1 1 1 1 
 1 1 1 1 1 1 1 1 1 1 1 1 1 1 1 
 1 1 1 1 1 1 1 1 1 1 1 1 1 1 1 
 1 1 1 1 1 1 1 1 1 1 1 1 1 1 1 
 1 1 1 1 1 1 1 1 1 1 1 1 1 1 1 
 1 1 1 1 1 1 1 1 1 1 1 1 1 1 1 
 1 1 1 1 1 1 1 1 1 1 1 1 1 1 1 
 1 1 1 1 1 1 1 1 1 1 1 1 1 1 1 
 1 1 1 1 1 1 1 1 1 1 1 1 1 1 1 
 1 1 1 1 1 1 1 1 1 1 1 1 1 1 1 
 1 1 1 1 1 1 1 1 1 1 1 1 1 1 1 
 1 1 1 1 1 1 1 1 1 1 1 1 1 1 1 
 1 1 1 1 1 1 1 1 1 1 1 1 1 1 1 
 1 1 1 1 1 1 1 1 1 1 1 1 1 1 1 
 1 1 1 1 1 1 1 1 1 1 1 1 1 1 1 
 1 1 1 1 1 1 1 1 1 1 1 1 1 1 1 
 1 1 1 1 1 1 1 1 1 1 1 1 1 1 1 
 1 1 1 1 1 1 1 1 1 1 1 1 1 1 1 
 1 1 1 1 1 1 1 1 1 1 1 1 1 1 1 
 1 1 1 1 1 1 1 1 1 1 1 1 1 1 1 
 1 1 1 1 1 1 1 1 1 1 1 1 1 1 1 
 1 1 1 1 1 1 1 1 1 1 1 1 1 1 1 
 1 1 1 1 1 1 1 1 1 1 1 1 1 1 1 
 1 1 1 1 1 1 1 1 1 1 1 1 1 1 1 
 1 1 1 1 1 1 1 1 1 1 1 1 1 1 1 
 1 1 1 1 1 
 107 
 3 4 13 15 16 30 31 32 34 36 37 45 48 49 57 
 59 60 61 64 65 66 72 73 76 87 88 93 95 98 106 
 109 112 116 119 130 131 136 151 152 153 164 166 170 173 175 
 179 184 185 188 189 192 193 194 195 196 201 210 213 214 216 
 217 225 226 232 240 246 248 250 259 260 274 277 280 282 286 
 288 290 291 292 301 306 318 319 323 326 345 356 358 365 376 
 388 399 401 412 413 414 428 439 442 458 466 467 475 479 483 
 486 498 
 97 
 3 10 18 25 37 41 49 52 57 61 65 67 69 71 72 
 74 79 82 83 87 88 91 92 93 102 105 107 108 111 113 
 119 125 136 140 141 143 160 162 165 185 188 191 196 206 207 
 209 210 211 215 218 219 222 225 227 228 232 236 238 239 240 
 241 243 245 253 259 280 281 284 294 295 300 301 306 309 311 
 318 324 329 333 336 338 356 357 358 368 383 388 399 400 402 
 405 417 440 449 453 457 498 
 99 
 5 6 9 12 14 27 29 34 36 37 40 41 42 46 55 
 56 58 59 63 74 81 88 89 91 95 96 100 102 103 105 
 107 112 114 121 124 125 127 128 148 152 153 156 158 161 164 
 177 181 183 201 203 205 209 212 223 229 235 236 253 254 258 
 260 272 283 288 291 293 295 299 310 311 324 331 335 338 352 
 353 359 360 362 364 370 372 395 402 406 420 421 427 447 449 
 463 465 467 468 474 481 492 494 500 
 99 
 9 10 13 26 29 30 34 38 43 44 46 48 54 55 57 
 63 64 67 73 77 79 87 95 96 100 116 124 125 129 130 
 152 154 157 173 175 183 185 199 200 203 204 208 210 218 219 
 221 225 229 236 241 242 245 250 251 255 264 267 271 282 286 
 288 293 295 302 303 307 313 317 325 327 329 331 333 339 347 
 352 354 357 361 362 373 379 387 390 391 393 395 410 418 419 
 422 425 434 437 440 445 446 452 479 
 103 
 2 7 9 10 13 14 15 16 18 20 23 25 33 38 51 
 59 62 65 66 67 69 82 83 84 88 89 99 113 114 121 
 123 124 134 137 147 153 155 157 162 166 167 171 173 177 178 
 180 187 188 193 200 204 205 209 214 220 227 239 243 246 248 
 249 251 253 257 264 268 270 272 282 284 286 296 307 323 327 
 329 337 342 343 344 349 364 365 366 368 371 375 380 381 383 
 397 402 406 417 418 420 422 441 454 466 472 477 482 
 97 
 5 12 17 19 22 28 30 32 38 40 41 42 43 48 52 
 57 65 66 71 72 76 78 87 93 97 99 106 109 120 138 
 142 151 152 156 160 163 166 167 168 169 171 174 179 181 184 
 194 200 209 211 213 215 220 223 232 235 236 238 239 244 248 
 252 253 263 265 268 270 278 279 285 289 292 293 301 313 332 
 336 339 340 344 349 357 359 362 370 375 376 379 386 397 401 
 444 462 463 465 472 477 489 
 112 
 2 3 10 11 15 17 19 20 21 23 24 27 30 31 41 
 42 43 46 49 50 52 54 58 59 62 80 83 86 89 92 
 97 104 110 117 118 119 127 128 132 133 136 137 141 143 146 
 149 150 153 156 171 176 177 182 192 195 212 217 218 227 232 
 250 252 253 259 265 273 275 281 282 290 294 296 299 303 304 
 305 310 312 317 322 328 342 343 348 351 353 360 365 368 375 
 376 383 387 394 398 403 408 423 428 446 447 449 451 458 471 
 476 479 481 487 491 493 500 
 110 
 1 2 7 8 16 23 30 31 34 44 49 51 52 53 63 
 65 66 67 72 77 78 83 85 87 89 95 97 98 101 107 
 108 112 114 118 121 127 132 134 138 139 140 141 149 151 157 
 165 170 174 186 187 188 200 202 207 216 220 221 223 230 241 
 244 248 251 253 260 262 269 281 283 284 291 301 304 306 309 
 314 315 316 323 331 332 333 338 343 348 349 351 366 378 382 
 387 390 395 401 403 408 417 429 432 433 435 439 445 446 447 
 459 472 473 478 498 
 98 
 1 2 4 18 20 28 30 33 37 42 44 46 56 57 83 
 84 87 91 94 105 112 113 118 126 127 128 132 134 135 140 
 144 154 155 158 161 164 165 167 169 171 172 173 180 183 185 
 186 188 189 190 199 203 205 207 212 221 223 226 229 233 240 
 243 250 262 263 267 271 275 276 284 303 312 315 317 325 327 
 329 343 353 356 364 370 372 377 379 382 403 412 415 416 422 
 424 428 437 439 451 457 462 468 
 107 
 3 4 11 12 13 16 20 23 24 28 29 32 33 37 41 
 44 46 56 60 61 69 73 76 77 80 83 89 90 94 96 
 101 102 104 108 110 111 115 117 122 123 124 126 133 140 146 
 147 159 160 161 168 170 178 179 182 194 197 204 211 213 214 
 222 228 234 252 270 276 277 280 290 291 293 302 303 311 313 
 315 321 323 330 334 345 346 347 353 355 361 371 374 382 384 
 391 396 405 409 411 412 423 425 433 434 436 446 452 459 463 
 473 488 
 100 
 1 5 16 19 21 24 25 26 29 34 35 38 39 40 51 
 58 59 60 61 66 77 79 82 85 86 89 99 100 101 103 
 104 111 112 115 117 119 124 125 127 132 135 136 138 141 149 
 156 164 175 179 186 201 202 207 210 213 221 231 233 235 244 
 249 256 263 269 272 277 283 285 289 295 302 305 311 319 320 
 322 327 336 343 344 363 381 392 398 399 400 415 429 431 432 
 443 445 449 456 474 477 479 482 485 493 
 99 
 1 9 11 12 14 15 19 21 26 31 35 40 46 48 50 
 54 58 66 67 69 70 71 82 90 97 101 112 115 117 119 
 121 123 142 144 145 153 154 156 168 170 173 177 182 186 189 
 191 192 199 203 205 206 208 214 221 222 231 243 251 253 255 
 257 259 279 280 285 292 296 297 303 305 320 323 329 334 337 
 342 355 356 365 367 369 374 384 385 387 392 410 412 419 426 
 430 436 441 458 460 464 484 488 495 
 99 
 1 2 3 4 7 14 16 19 25 26 27 30 33 35 40 
 44 48 49 52 53 54 60 66 67 70 82 84 89 93 94 
 98 99 101 104 108 109 114 124 131 138 139 146 147 150 155 
 159 163 165 167 171 172 175 176 182 186 190 191 194 195 197 
 198 204 205 211 214 218 228 236 238 247 259 264 268 280 282 
 292 298 317 319 327 330 331 337 343 345 368 371 376 382 385 
 391 415 427 444 448 460 468 491 499 
 111 
 2 3 4 5 6 11 16 18 19 26 32 33 35 41 42 
 43 49 53 54 59 63 64 66 67 74 75 81 86 88 89 
 90 94 96 98 108 111 120 131 133 135 137 143 145 153 155 
 157 158 167 168 169 172 178 184 187 189 192 198 201 203 205 
 216 241 245 250 257 260 277 294 296 298 306 310 321 325 335 
 341 342 343 346 350 351 359 360 364 373 374 380 389 390 395 
 399 400 411 417 418 432 438 441 442 447 452 457 467 473 482 
 486 487 488 493 495 496 
 93 
 1 4 5 7 13 18 20 22 23 26 27 30 37 40 41 
 43 48 50 51 56 59 62 63 70 71 72 73 81 86 92 
 94 100 102 103 106 110 112 116 121 129 132 139 140 149 178 
 179 184 190 202 208 211 216 227 234 246 250 257 269 270 274 
 280 283 285 287 292 294 304 308 314 316 354 362 363 374 384 
 397 403 424 426 428 434 435 437 438 442 453 461 473 478 480 
 485 493 497 
 83 
 2 6 7 12 18 21 22 23 35 40 47 49 53 58 59 
 64 66 68 72 75 77 79 83 86 92 100 102 104 110 116 
 123 133 134 135 138 139 145 148 166 169 180 190 198 203 204 
 208 215 216 244 246 261 270 286 289 299 308 311 316 319 321 
 326 347 349 352 353 354 372 373 375 382 394 405 411 423 425 
 428 433 435 442 448 451 483 486 
 92 
 5 6 8 11 12 13 17 19 29 35 39 42 53 59 65 
 70 76 78 80 81 82 90 92 94 100 102 110 114 115 125 
 128 131 142 147 148 157 158 160 176 178 182 183 185 187 188 
 191 198 205 216 219 225 230 233 234 244 253 254 264 266 268 
 272 273 278 286 287 299 311 313 321 330 332 336 342 345 361 
 387 393 395 398 407 408 417 434 435 437 441 452 457 470 480 
 486 496 
 110 
 1 2 4 10 19 20 22 23 25 29 32 37 38 44 51 
 52 53 54 55 57 58 59 60 64 65 76 81 85 87 90 
 98 102 103 107 110 111 113 121 122 125 126 130 131 134 139 
 143 145 146 155 156 163 174 176 185 195 198 200 217 234 237 
 241 244 248 249 251 256 258 259 268 275 292 293 302 304 307 
 312 318 320 326 333 335 339 348 352 357 359 363 380 385 387 
 388 404 405 408 419 421 422 430 431 443 444 445 448 449 455 
 456 462 474 480 493 
 86 
 3 6 8 9 11 14 16 25 26 29 32 39 43 44 45 
 47 55 57 61 65 70 79 82 107 111 112 118 119 121 127 
 130 133 137 140 146 149 151 153 158 162 165 174 175 177 190 
 191 196 198 199 200 201 212 214 220 225 229 242 256 262 267 
 271 280 283 291 304 314 328 337 345 359 361 366 369 381 392 
 407 413 415 421 429 441 449 454 474 484 497 
 113 
 7 13 22 24 25 27 31 35 40 42 44 45 49 50 61 
 63 65 66 68 70 74 77 78 80 84 88 89 97 102 105 
 106 108 112 113 114 116 117 124 125 129 136 137 143 144 147 
 150 154 162 163 168 178 179 181 182 196 197 201 208 223 224 
 230 231 238 239 244 249 252 255 259 273 287 296 299 302 305 
 309 314 317 321 322 324 326 331 335 338 349 358 359 365 375 
 377 381 382 383 386 395 396 402 404 412 414 416 424 426 440 
 443 448 456 464 475 492 494 497 
 100 
 2 4 5 7 11 14 17 18 24 26 27 28 34 36 43 
 48 53 68 69 71 73 75 98 106 111 113 116 122 125 131 
 135 141 146 148 152 154 157 158 162 163 164 170 181 184 188 
 198 204 206 209 211 214 221 222 224 229 237 238 241 242 246 
 247 256 259 263 265 268 273 274 281 288 296 307 309 310 313 
 317 330 335 337 339 350 352 356 365 366 384 400 404 426 433 
 434 443 458 482 483 484 485 490 495 496 
 92 
 3 5 6 11 12 14 18 20 34 36 48 50 60 65 71 
 73 81 83 86 96 97 104 105 116 117 120 123 132 136 138 
 141 144 157 158 161 162 166 169 182 189 190 197 200 201 203 
 206 208 221 222 248 250 251 252 253 254 258 264 265 266 267 
 270 275 277 278 282 306 318 323 330 347 352 360 364 378 381 
 386 388 390 393 405 406 407 427 430 433 434 456 457 458 470 
 472 476 
 92 
 2 3 4 5 6 7 9 13 15 16 21 25 28 31 47 
 49 50 51 54 61 66 68 70 72 75 84 85 88 94 99 
 107 109 121 127 128 129 132 134 147 149 152 155 162 164 167 
 168 169 172 178 190 200 204 208 209 217 223 224 226 234 238 
 240 245 246 250 256 261 266 279 282 286 288 289 290 332 335 
 340 343 345 349 372 375 382 383 389 401 405 414 428 431 450 
 477 490 
 85 
 8 9 13 14 17 24 28 30 34 39 43 44 46 50 51 
 56 61 84 86 104 106 115 119 122 123 129 140 142 145 147 
 148 149 152 157 161 164 170 172 177 181 187 191 198 208 215 
 230 231 252 255 256 261 265 266 267 270 273 281 286 289 290 
 305 315 316 320 330 334 351 370 379 380 392 396 399 404 410 
 419 423 430 435 455 468 474 475 487 496 
 124 
 1 3 5 15 21 24 25 26 29 31 32 39 41 42 44 
 46 47 49 50 54 55 58 60 62 64 67 68 71 72 77 
 78 79 84 88 93 98 103 107 110 115 116 118 126 128 129 
 131 133 135 136 144 145 148 151 154 159 161 165 166 175 176 
 183 184 189 193 194 196 198 202 203 209 210 219 223 224 225 
 227 228 234 236 239 245 246 249 250 262 263 268 270 272 278 
 279 284 293 295 298 305 311 325 329 334 336 337 340 347 362 
 383 386 393 399 414 416 418 424 425 429 434 438 440 454 458 
 460 465 474 489 
 93 
 1 3 5 10 13 19 20 21 22 23 26 28 29 34 35 
 39 45 46 50 56 58 61 67 76 80 84 86 91 96 103 
 120 125 130 132 133 142 143 145 146 147 148 149 150 155 160 
 166 176 181 189 192 193 197 199 200 213 222 226 231 237 238 
 242 252 273 274 277 291 295 298 301 308 311 319 320 331 333 
 345 348 349 361 363 381 392 394 406 410 445 450 455 462 468 
 475 481 485 
 94 
 1 2 6 8 10 16 21 24 26 35 38 46 53 61 63 
 69 70 71 72 73 75 81 87 88 107 108 110 111 118 122 
 133 137 154 168 170 173 175 181 182 187 192 195 197 199 202 
 206 208 209 217 219 224 226 237 242 245 247 253 255 258 263 
 269 276 279 284 287 288 294 297 301 309 315 319 324 327 328 
 343 348 356 358 361 362 370 372 375 378 387 398 413 433 440 
 442 448 467 492 
 110 
 4 5 6 7 8 10 18 20 22 24 25 26 28 29 30 
 32 37 38 39 44 46 52 53 55 64 70 78 82 83 86 
 93 106 109 110 113 115 116 123 132 134 136 141 143 153 157 
 159 165 178 181 182 185 190 191 195 209 210 215 216 217 221 
 223 224 226 234 235 239 240 251 252 254 264 265 266 269 273 
 282 283 284 287 295 299 301 303 304 309 310 315 316 324 331 
 334 344 349 355 361 368 374 375 394 419 426 429 442 443 461 
 463 464 469 476 491 
 104 
 6 7 8 9 10 11 14 17 20 21 28 29 33 36 42 
 51 54 55 57 58 64 66 69 71 73 74 78 79 85 87 
 93 98 100 105 108 113 117 118 130 140 144 146 147 158 164 
 167 171 177 184 190 191 193 197 211 212 227 228 233 235 241 
 255 257 264 266 268 272 278 279 295 307 309 318 321 325 326 
 328 330 333 335 337 341 345 350 351 357 358 376 378 389 391 
 396 413 414 425 431 436 437 442 453 455 464 473 477 498 
 91 
 13 14 17 18 22 23 27 37 39 40 47 57 62 63 68 
 69 73 75 78 80 81 84 89 93 101 104 109 111 114 135 
 145 147 149 152 158 160 161 166 168 170 175 177 180 181 183 
 184 197 198 206 207 212 213 214 220 233 234 240 244 252 258 
 274 275 278 290 294 298 308 315 317 322 341 350 351 355 364 
 368 373 392 393 394 405 411 421 439 450 469 471 472 475 487 
 489 
 98 
 1 2 3 4 9 11 12 17 34 37 38 42 45 54 60 
 63 67 74 75 76 79 91 92 94 95 111 119 121 123 124 
 126 132 134 135 136 139 144 151 163 172 177 180 185 196 199 
 201 203 210 217 221 230 232 235 237 238 243 245 249 261 262 
 263 267 269 272 275 278 297 298 300 301 306 312 313 322 332 
 334 336 344 351 358 366 371 374 381 391 397 398 408 423 441 
 446 454 460 463 469 471 488 499 
 103 
 1 7 8 10 12 15 19 23 25 28 31 33 40 43 45 
 46 48 50 54 55 56 57 58 60 61 67 68 69 80 83 
 85 86 87 89 90 97 103 104 115 117 118 122 123 139 151 
 156 159 163 165 166 180 191 193 200 205 215 217 218 219 222 
 226 228 229 235 238 241 244 246 247 249 261 266 274 283 286 
 306 312 313 324 338 342 356 357 364 367 403 406 417 418 421 
 427 428 436 438 440 447 455 460 470 475 480 481 490 
 93 
 1 4 7 14 21 24 27 32 41 44 45 50 53 61 62 
 68 72 75 80 87 90 95 96 98 100 117 120 124 126 129 
 134 150 154 155 187 190 193 194 206 211 212 219 222 231 235 
 236 237 239 243 254 257 261 262 264 281 282 294 298 300 306 
 312 322 338 339 341 345 348 358 360 363 367 370 373 376 378 
 379 380 384 386 397 403 406 407 409 413 436 454 461 466 477 
 483 484 497 
 96 
 1 2 5 6 8 20 23 24 32 36 38 47 49 51 61 
 68 70 76 77 79 81 85 88 90 91 92 100 102 104 105 
 125 128 130 137 142 145 150 154 155 159 160 168 172 176 180 
 188 194 196 197 204 211 220 224 229 230 232 233 243 245 266 
 271 275 280 285 298 302 304 305 307 308 312 320 324 326 328 
 331 333 335 336 337 344 349 371 373 376 381 388 390 397 398 
 430 439 454 459 465 491 
 92 
 2 4 7 9 12 15 19 22 23 25 31 36 39 43 47 
 48 56 60 62 65 68 76 83 92 99 101 105 113 120 122 
 126 127 128 137 138 139 140 147 149 151 154 163 164 168 169 
 171 172 173 178 179 180 186 187 192 193 211 213 215 220 231 
 237 247 248 254 258 260 280 287 291 293 295 310 316 340 347 
 368 377 379 382 385 390 396 407 452 456 464 469 470 476 489 
 492 494 
 78 
 2 5 8 10 16 17 28 33 35 40 45 48 52 53 56 
 82 85 92 95 99 103 106 107 111 116 118 135 138 144 146 
 148 150 156 159 165 167 172 175 181 192 194 202 204 207 214 
 227 230 235 242 254 255 257 262 265 277 279 289 297 304 319 
 323 341 344 347 348 350 369 390 392 395 413 416 423 430 431 
 450 451 453 
 94 
 6 13 14 15 17 21 22 24 28 29 33 36 38 45 47 
 49 51 63 64 71 78 79 80 81 88 95 97 105 113 118 
 119 120 129 131 132 133 139 140 143 148 153 163 169 179 187 
 195 209 210 218 225 228 231 233 235 242 245 248 249 254 260 
 261 262 263 265 269 271 276 281 287 312 318 319 336 340 346 
 354 355 356 357 365 377 385 394 399 400 401 415 423 430 440 
 467 471 480 491 
 105 
 3 6 8 9 10 12 18 23 27 31 34 37 48 51 52 
 53 55 56 57 65 75 76 78 79 82 91 94 95 96 97 
 104 114 117 122 126 138 142 143 156 157 161 162 164 171 173 
 177 189 194 195 199 205 207 209 212 214 216 217 224 229 241 
 242 247 260 265 269 274 275 276 277 285 287 291 293 297 303 
 312 316 324 327 332 339 341 346 350 354 359 360 363 367 373 
 377 388 409 418 422 424 427 429 431 437 439 453 457 459 466 
 92 
 6 10 11 12 15 16 20 22 24 28 33 34 40 43 46 
 63 74 85 92 94 96 99 101 105 113 119 120 121 126 127 
 130 131 132 136 137 139 145 148 162 170 173 174 182 183 186 
 187 195 201 203 213 226 229 230 231 232 237 242 246 248 255 
 264 268 273 276 278 281 286 290 297 307 314 316 325 326 329 
 344 369 370 377 393 400 404 410 414 420 432 443 444 462 478 
 486 492 
 115 
 3 6 8 9 10 11 12 13 15 17 18 23 25 31 36 
 39 41 44 45 46 55 56 57 71 75 84 90 98 100 101 
 103 107 108 109 115 116 120 122 124 126 128 129 131 135 137 
 139 140 149 150 151 152 155 176 180 188 192 194 197 204 206 
 214 219 250 257 258 259 261 269 271 273 274 280 282 284 285 
 302 303 314 333 334 335 339 340 346 348 354 357 359 364 366 
 367 373 374 379 380 383 384 389 391 392 394 395 400 401 402 
 408 410 412 421 429 436 450 466 469 487 
 92 
 2 3 9 14 17 31 38 39 41 55 59 68 69 74 81 
 82 85 86 88 90 91 93 95 99 101 102 106 107 108 109 
 111 114 123 127 138 142 143 144 153 159 160 162 163 169 175 
 179 182 183 190 191 193 201 206 213 215 222 223 227 233 243 
 255 267 275 278 286 300 304 310 313 317 323 329 334 353 355 
 361 369 379 385 386 389 393 409 411 412 418 438 461 469 473 
 478 495 
 110 
 2 3 4 5 7 8 9 10 17 19 20 27 31 33 41 
 43 47 49 51 52 53 59 62 63 69 74 76 77 80 84 
 85 86 89 91 93 96 97 99 101 102 104 110 116 118 120 
 122 123 126 133 145 172 173 174 183 188 194 199 206 207 212 
 213 215 225 226 227 230 240 243 248 251 256 260 261 262 263 
 266 271 274 276 277 285 287 288 290 292 294 297 299 305 308 
 327 334 338 344 346 352 354 362 372 377 400 411 416 420 421 
 432 444 470 476 495 
 102 
 1 4 5 7 18 21 28 29 30 36 39 40 41 52 54 
 58 60 62 64 66 67 68 70 73 74 80 82 89 93 100 
 103 109 113 115 117 120 121 124 127 128 134 138 141 142 146 
 151 167 170 174 176 179 183 186 189 191 192 202 216 218 219 
 220 222 225 228 239 241 247 258 260 268 272 275 276 281 293 
 296 297 305 307 310 319 328 338 339 350 358 362 369 374 377 
 389 414 417 419 443 444 445 451 460 461 464 470 
 109 
 1 10 11 15 16 21 22 24 26 27 29 30 35 36 40 
 44 47 52 60 62 64 73 74 76 77 80 81 85 90 91 
 92 96 106 109 118 119 120 122 129 130 131 135 136 141 142 
 143 150 151 153 155 156 159 160 161 174 180 183 186 192 195 
 196 199 202 206 207 218 224 227 228 231 236 239 244 247 256 
 257 272 297 300 307 317 318 320 328 333 346 353 363 367 378 
 380 383 391 396 399 402 404 406 407 426 427 437 438 447 450 
 461 465 476 494 
 103 
 1 2 8 11 12 15 19 20 21 22 27 29 31 33 34 
 36 38 42 45 50 51 54 58 59 60 62 70 71 72 79 
 80 83 91 102 103 112 114 119 125 128 130 131 133 135 141 
 150 158 160 163 166 167 171 174 178 184 185 202 205 208 217 
 218 220 221 229 240 249 251 254 258 262 265 267 278 279 296 
 300 313 314 325 340 342 355 368 371 372 376 389 391 397 401 
 403 407 413 415 420 444 447 452 459 463 485 488 490 
 110 
 1 3 4 8 9 11 13 15 17 18 27 30 35 36 37 
 42 43 45 49 55 62 70 72 75 77 78 81 84 90 94 
 96 99 108 109 112 114 124 137 141 144 146 149 150 161 162 
 164 166 176 178 184 186 193 195 196 202 210 212 213 215 216 
 223 230 232 234 237 238 239 254 264 266 267 271 276 277 285 
 288 289 300 301 308 311 318 322 325 326 328 331 332 338 340 
 341 351 354 360 369 378 380 384 385 386 388 394 408 411 441 
 445 446 471 484 494 
 115 
 1 4 7 16 17 23 24 26 32 33 38 39 45 47 48 
 51 52 53 56 68 69 71 72 76 78 83 85 86 90 92 
 95 99 106 108 115 122 123 129 130 134 136 137 142 143 144 
 146 147 148 154 156 157 159 181 185 188 197 198 207 220 226 
 228 232 233 236 246 247 256 257 258 260 270 271 283 284 285 
 300 302 308 309 310 320 322 323 325 328 329 330 341 342 347 
 350 355 360 366 367 371 372 378 384 387 393 398 409 416 420 
 422 424 432 435 436 448 453 479 483 499 
 96 
 2 8 13 18 19 20 25 26 27 30 32 35 36 37 41 
 47 50 62 64 69 77 78 84 92 95 97 98 100 105 106 
 107 110 112 121 127 129 138 141 148 152 161 165 169 189 199 
 202 203 204 218 225 233 237 251 252 255 259 263 267 272 274 
 279 281 283 289 290 291 294 298 299 308 314 315 318 321 322 
 327 330 332 340 346 348 365 385 388 396 398 402 409 419 424 
 425 427 472 478 481 482 
 110 
 14 22 27 28 30 32 35 39 42 45 47 48 50 52 55 
 56 57 58 64 65 73 74 75 79 87 91 93 94 98 103 
 109 115 126 128 130 142 150 151 158 165 168 171 172 174 175 
 176 177 179 180 184 185 186 196 201 207 208 210 224 232 234 
 236 240 243 245 249 269 270 273 279 283 288 292 299 300 302 
 306 314 315 316 321 324 332 337 341 352 363 367 371 389 390 
 397 410 416 420 422 425 426 431 432 438 446 451 455 456 459 
 462 468 471 490 500 
 100 
 1 3 4 6 9 12 14 15 16 19 21 22 25 32 33 
 34 37 38 42 43 47 63 67 73 74 75 77 82 87 88 
 91 97 101 105 110 114 117 125 133 134 139 140 144 145 152 
 159 160 167 169 170 171 173 174 187 189 193 196 200 205 210 
 211 212 219 240 242 247 256 261 271 276 284 289 292 296 303 
 309 320 321 326 336 339 342 346 347 353 366 369 370 386 396 
 404 409 415 433 435 439 465 466 467 489 
