 50 500 
 1 1 1 1 1 1 1 1 1 1 1 1 1 1 1 
 1 1 1 1 1 1 1 1 1 1 1 1 1 1 1 
 1 1 1 1 1 1 1 1 1 1 1 1 1 1 1 
 1 1 1 1 1 1 1 1 1 1 1 1 1 1 1 
 1 1 1 1 1 1 1 1 1 1 1 1 1 1 1 
 1 1 1 1 1 1 1 1 1 1 1 1 1 1 1 
 1 1 1 1 1 1 1 1 1 1 1 1 1 1 1 
 1 1 1 1 1 1 1 1 1 1 1 1 1 1 1 
 1 1 1 1 1 1 1 1 1 1 1 1 1 1 1 
 1 1 1 1 1 1 1 1 1 1 1 1 1 1 1 
 1 1 1 1 1 1 1 1 1 1 1 1 1 1 1 
 1 1 1 1 1 1 1 1 1 1 1 1 1 1 1 
 1 1 1 1 1 1 1 1 1 1 1 1 1 1 1 
 1 1 1 1 1 1 1 1 1 1 1 1 1 1 1 
 1 1 1 1 1 1 1 1 1 1 1 1 1 1 1 
 1 1 1 1 1 1 1 1 1 1 1 1 1 1 1 
 1 1 1 1 1 1 1 1 1 1 1 1 1 1 1 
 1 1 1 1 1 1 1 1 1 1 1 1 1 1 1 
 1 1 1 1 1 1 1 1 1 1 1 1 1 1 1 
 1 1 1 1 1 1 1 1 1 1 1 1 1 1 1 
 1 1 1 1 1 1 1 1 1 1 1 1 1 1 1 
 1 1 1 1 1 1 1 1 1 1 1 1 1 1 1 
 1 1 1 1 1 1 1 1 1 1 1 1 1 1 1 
 1 1 1 1 1 1 1 1 1 1 1 1 1 1 1 
 1 1 1 1 1 1 1 1 1 1 1 1 1 1 1 
 1 1 1 1 1 1 1 1 1 1 1 1 1 1 1 
 1 1 1 1 1 1 1 1 1 1 1 1 1 1 1 
 1 1 1 1 1 1 1 1 1 1 1 1 1 1 1 
 1 1 1 1 1 1 1 1 1 1 1 1 1 1 1 
 1 1 1 1 1 1 1 1 1 1 1 1 1 1 1 
 1 1 1 1 1 1 1 1 1 1 1 1 1 1 1 
 1 1 1 1 1 1 1 1 1 1 1 1 1 1 1 
 1 1 1 1 1 1 1 1 1 1 1 1 1 1 1 
 1 1 1 1 1 
 110 
 2 7 8 10 11 13 17 20 21 22 23 29 33 34 35 
 36 37 41 48 49 50 51 58 62 67 73 75 78 87 103 
 105 106 110 111 118 119 120 125 128 132 135 137 144 150 168 
 176 178 182 183 184 193 196 204 205 206 210 213 218 219 233 
 235 239 241 245 247 250 255 260 264 265 269 270 275 278 284 
 306 313 318 324 328 332 333 339 344 346 348 353 356 357 360 
 363 373 374 376 378 396 398 410 416 425 444 448 450 461 466 
 471 478 479 480 494 
 93 
 1 2 3 8 10 12 15 20 23 36 43 44 46 47 49 
 50 51 53 54 67 70 72 75 84 90 95 96 97 99 104 
 106 107 111 112 115 119 125 138 140 142 151 160 170 179 187 
 194 196 202 206 209 212 214 215 217 223 227 228 237 238 241 
 243 251 257 259 261 274 280 284 293 295 314 343 353 355 360 
 362 387 389 395 404 407 418 422 426 434 435 436 453 455 464 
 470 489 498 
 109 
 2 12 16 18 20 22 24 25 28 34 39 40 49 51 54 
 55 56 60 61 65 66 69 72 73 74 77 78 80 88 89 
 90 94 95 96 101 103 104 107 108 110 117 118 121 126 130 
 132 133 139 140 141 142 143 148 154 164 168 175 182 183 189 
 192 196 201 203 220 231 234 236 238 246 251 263 272 273 300 
 302 313 315 318 323 324 327 331 346 347 349 355 356 358 366 
 367 376 381 384 386 391 401 410 413 415 417 423 427 437 459 
 460 465 472 483 
 107 
 6 9 11 12 14 15 17 22 24 25 29 31 33 36 42 
 44 47 48 54 57 59 60 68 75 79 82 85 91 93 98 
 106 112 113 117 122 123 124 125 129 130 138 142 145 147 150 
 151 156 161 165 166 172 178 179 190 192 195 206 211 221 224 
 227 229 235 236 242 248 253 260 265 270 288 290 292 294 295 
 297 298 299 303 307 314 318 335 338 345 353 369 371 392 394 
 400 402 403 412 413 439 440 445 449 450 453 454 463 464 467 
 475 477 
 123 
 1 2 3 4 6 7 11 12 14 17 23 27 28 32 35 
 36 41 43 44 45 46 49 51 52 53 54 56 64 70 71 
 73 75 78 83 84 86 89 96 101 104 107 117 122 123 127 
 130 141 150 158 161 164 165 166 167 173 183 184 185 187 189 
 191 193 196 200 211 216 217 226 229 230 231 234 238 239 240 
 243 248 250 254 258 263 271 272 283 285 291 292 293 301 302 
 309 310 319 323 325 328 330 331 336 338 354 365 372 376 382 
 392 408 420 422 425 426 429 433 443 446 449 451 459 468 471 
 480 482 486 
 91 
 3 5 11 15 19 27 29 31 34 36 47 55 73 75 77 
 86 87 93 101 113 114 116 117 118 127 130 131 135 138 154 
 164 166 174 175 181 186 195 197 199 202 203 205 207 210 215 
 219 231 232 234 236 242 262 269 271 279 281 288 294 299 305 
 308 309 321 326 327 328 333 346 355 356 358 361 370 372 386 
 387 389 393 394 395 398 403 406 413 420 430 431 433 467 474 
 477 
 117 
 1 2 7 12 13 15 17 20 26 28 31 35 43 44 50 
 52 54 60 68 69 74 80 83 84 88 91 92 96 100 103 
 107 109 111 112 123 125 129 130 134 137 139 140 152 158 160 
 161 162 170 172 186 189 191 192 193 197 206 207 214 218 219 
 221 229 231 240 244 248 249 252 254 256 259 263 268 270 271 
 277 281 283 284 289 296 298 302 316 331 335 336 338 341 342 
 343 344 348 358 359 360 363 375 391 399 402 417 421 422 426 
 429 432 438 442 444 457 460 463 472 480 486 487 
 110 
 7 9 17 18 19 20 22 24 28 32 35 39 41 43 47 
 54 55 56 59 61 62 63 65 70 72 74 77 84 92 97 
 99 102 113 116 121 126 130 133 137 141 143 148 152 155 158 
 159 161 164 175 176 177 181 204 206 208 209 210 215 216 222 
 225 232 238 255 263 267 268 270 274 275 278 281 282 284 286 
 289 290 293 294 296 303 304 308 316 324 333 335 345 347 348 
 349 350 358 362 393 394 398 400 403 412 415 416 420 430 445 
 449 456 465 479 485 
 92 
 4 6 9 14 16 23 28 33 36 38 44 45 68 86 87 
 88 90 94 96 101 123 124 128 129 133 134 137 138 154 157 
 158 159 164 177 180 182 183 187 188 189 191 196 199 200 205 
 208 211 216 217 223 233 249 253 255 266 275 279 282 288 293 
 298 301 307 319 323 325 329 332 334 337 342 344 354 355 375 
 384 388 389 403 404 406 424 429 439 442 445 452 459 460 468 
 476 499 
 114 
 1 5 8 14 22 23 30 32 33 34 35 37 39 42 43 
 50 52 57 62 63 65 66 68 74 76 81 82 85 86 90 
 94 95 100 101 107 109 111 118 119 120 124 128 134 139 144 
 146 151 162 168 175 180 182 185 186 187 189 191 201 203 211 
 214 215 233 235 237 243 246 248 252 255 261 266 275 276 278 
 281 285 288 289 296 305 308 309 311 318 320 327 331 336 342 
 347 349 356 357 364 371 379 386 390 391 394 396 398 404 407 
 408 411 426 429 442 450 457 480 493 
 89 
 1 9 10 11 18 21 22 29 39 42 57 64 66 67 70 
 73 77 88 89 95 98 101 102 109 115 118 121 125 126 129 
 131 132 135 141 146 155 156 160 171 174 179 186 201 209 215 
 239 240 247 249 251 254 255 268 285 311 312 315 318 320 322 
 326 333 334 336 339 342 368 372 377 379 384 387 388 391 397 
 403 409 419 436 438 447 451 452 458 460 461 476 484 500 
 100 
 1 3 6 11 27 28 31 37 38 40 43 45 49 50 55 
 64 65 67 70 73 76 78 80 81 84 95 98 103 107 116 
 117 120 126 127 130 132 140 143 149 151 152 154 161 162 169 
 172 175 176 177 180 184 187 189 194 197 199 205 207 212 223 
 231 234 236 242 245 254 257 260 261 264 269 274 288 290 295 
 296 305 311 314 327 334 342 349 350 354 358 364 390 402 409 
 416 435 439 440 443 444 470 471 475 481 
 96 
 7 10 15 19 22 24 25 29 31 36 42 47 53 56 57 
 60 61 66 72 81 83 85 87 88 98 100 102 106 110 118 
 129 135 136 145 150 153 163 167 175 180 193 194 196 199 209 
 218 221 232 235 248 253 256 264 268 272 287 297 305 308 324 
 328 330 331 334 335 337 343 345 347 351 352 355 358 366 367 
 370 373 395 399 401 406 411 415 417 437 438 445 446 447 454 
 462 469 480 481 491 499 
 94 
 1 4 5 11 13 14 15 18 28 38 50 51 55 59 61 
 62 63 64 65 67 68 72 74 76 94 98 103 104 105 108 
 110 113 122 124 127 130 134 142 145 147 159 170 173 191 192 
 194 198 201 203 205 208 223 256 261 277 284 286 299 301 302 
 306 310 313 324 325 327 332 335 338 340 344 351 361 365 367 
 368 381 385 388 392 393 401 409 425 430 436 444 446 454 456 
 472 483 490 496 
 95 
 8 9 10 13 14 18 20 21 24 26 27 30 33 38 40 
 43 47 48 58 71 73 75 78 89 96 101 102 105 110 111 
 112 115 123 131 137 138 144 147 148 152 154 157 158 163 169 
 171 173 174 178 188 190 196 203 205 211 217 220 224 226 227 
 228 241 251 262 263 265 272 276 279 282 283 293 294 301 302 
 309 310 312 313 317 319 331 348 359 367 368 377 378 394 411 
 421 446 473 491 495 
 98 
 2 7 14 18 21 25 26 30 35 39 45 48 51 59 62 
 63 71 77 80 81 89 91 92 97 98 99 102 105 113 116 
 120 121 126 128 133 136 137 138 145 149 152 159 169 170 181 
 185 186 187 188 190 196 197 198 202 204 210 223 232 235 245 
 252 256 267 268 270 272 286 287 298 300 313 336 337 343 344 
 350 357 360 368 372 376 393 400 407 410 411 412 424 428 434 
 439 450 461 464 466 468 471 497 
 93 
 1 4 5 6 8 11 21 30 39 46 57 64 70 72 79 
 87 88 90 91 92 93 95 96 97 106 107 112 118 121 122 
 132 134 136 147 149 153 155 160 165 166 174 183 186 198 199 
 200 203 213 220 232 238 241 246 247 250 251 263 264 266 271 
 275 298 299 303 308 310 312 315 316 322 329 330 332 339 352 
 371 380 390 392 399 407 413 415 423 429 443 445 457 468 474 
 480 486 495 
 97 
 9 10 11 12 15 19 25 30 33 36 40 45 48 51 52 
 53 56 58 68 69 72 76 85 87 93 101 109 111 118 120 
 121 123 129 147 148 149 153 157 163 165 174 178 194 195 198 
 199 203 204 213 216 218 221 229 233 237 240 244 246 249 252 
 255 257 270 272 276 289 291 293 311 315 318 323 325 328 331 
 338 340 348 352 356 360 371 374 376 383 385 392 393 397 402 
 410 411 447 463 465 473 484 
 97 
 2 7 13 14 21 24 26 29 30 31 37 42 51 61 63 
 67 69 70 71 76 77 80 82 84 85 89 91 93 100 102 
 105 106 108 109 114 120 125 131 132 136 140 146 147 162 172 
 178 180 182 185 190 198 202 210 212 217 219 222 225 235 237 
 239 240 245 249 255 258 259 260 265 266 277 286 297 316 317 
 319 323 333 337 341 347 375 376 381 385 390 397 398 402 405 
 415 421 439 440 478 486 498 
 98 
 3 6 7 10 13 16 25 26 27 36 38 39 40 41 49 
 52 53 60 61 64 66 75 79 80 85 88 89 93 94 97 
 99 109 110 113 115 122 123 126 128 129 131 139 143 144 146 
 150 156 157 159 176 179 183 185 190 192 197 201 216 218 222 
 225 228 229 237 240 247 254 277 279 284 286 295 300 305 306 
 316 328 334 335 340 345 354 355 368 369 370 380 383 389 401 
 405 423 435 441 447 450 469 472 
 98 
 3 6 9 10 14 18 26 29 34 41 50 52 59 61 62 
 64 65 67 69 71 79 80 83 88 90 94 99 102 106 114 
 125 126 133 135 137 149 155 156 161 162 166 169 171 172 175 
 180 182 184 188 190 192 200 207 209 219 224 228 232 237 245 
 258 259 269 273 287 288 291 293 306 307 314 318 320 338 339 
 345 351 359 368 377 385 392 396 402 408 414 427 439 446 455 
 473 476 479 482 483 490 492 496 
 82 
 1 5 9 12 16 17 22 28 32 33 34 36 38 41 45 
 48 55 60 64 65 69 71 77 78 81 87 88 90 93 102 
 108 109 124 133 136 139 153 160 192 196 214 216 220 221 223 
 229 236 241 243 245 248 258 265 274 287 300 302 303 307 321 
 327 341 360 361 370 382 383 385 399 404 406 408 412 422 433 
 440 443 455 465 469 478 491 
 89 
 3 5 6 10 11 12 13 16 17 19 21 24 25 30 35 
 42 45 46 50 52 57 62 67 68 74 77 88 90 93 103 
 112 115 116 117 121 125 127 133 142 148 151 156 169 171 176 
 177 180 190 192 201 217 229 235 236 242 243 244 245 250 265 
 273 278 279 281 287 301 313 318 324 350 353 357 364 371 374 
 384 388 389 406 414 417 418 430 450 454 462 464 492 494 
 117 
 4 5 13 17 19 20 23 26 27 32 40 43 48 53 56 
 59 62 63 68 69 72 76 77 80 82 85 86 87 88 91 
 95 97 100 106 108 110 111 113 116 124 131 133 137 139 143 
 150 154 165 167 168 173 174 185 187 193 197 199 200 208 212 
 217 221 222 223 224 226 233 243 248 264 269 271 277 285 287 
 289 295 297 301 306 309 312 323 325 326 330 331 349 351 354 
 365 366 369 376 377 378 380 394 395 396 400 402 404 407 412 
 413 428 432 434 445 448 453 454 469 471 478 492 
 87 
 1 4 5 7 8 10 11 14 16 20 23 25 27 31 33 
 34 37 41 43 46 55 57 59 69 73 74 79 82 86 92 
 97 99 100 102 105 106 108 112 129 141 153 157 163 166 168 
 181 197 208 211 221 225 226 228 231 247 252 254 259 279 281 
 289 299 304 317 329 344 351 353 354 357 366 369 379 381 395 
 409 414 416 421 437 438 440 445 451 475 477 483 
 103 
 2 3 5 15 17 18 20 22 29 33 37 38 41 49 53 
 56 58 60 63 68 70 71 78 92 93 94 100 111 133 141 
 142 145 153 155 157 158 159 160 164 166 168 173 175 180 181 
 182 186 194 205 206 207 212 213 218 219 226 227 228 242 244 
 256 273 276 280 282 286 291 292 295 302 305 316 320 321 323 
 333 335 337 338 352 354 365 366 384 403 406 407 413 414 416 
 420 424 428 437 447 448 456 470 474 475 478 488 489 
 98 
 1 3 6 9 11 13 20 21 22 23 25 26 27 29 30 
 34 37 40 42 44 50 51 61 68 74 81 82 83 96 97 
 103 107 110 119 134 141 145 146 150 155 160 170 172 174 182 
 185 189 201 203 204 207 211 212 216 217 220 222 224 230 240 
 244 253 257 267 276 277 279 280 285 292 294 297 300 307 317 
 329 332 337 339 348 366 375 377 380 397 404 425 434 441 442 
 447 448 456 463 466 471 477 487 
 101 
 2 5 6 7 11 14 16 25 27 40 41 42 44 45 48 
 62 63 64 66 67 68 71 76 78 79 91 99 101 104 108 
 114 121 122 128 134 136 138 141 148 151 152 154 157 163 175 
 185 194 201 203 204 214 215 218 219 222 225 235 236 241 246 
 250 252 254 264 279 282 284 298 304 307 317 326 334 340 353 
 355 359 362 363 364 370 372 381 382 388 396 398 400 404 412 
 413 416 422 424 425 427 430 452 457 462 475 
 95 
 6 7 9 10 15 16 18 26 28 34 55 59 63 65 72 
 76 80 83 85 92 96 102 103 104 105 109 114 119 121 122 
 123 124 131 132 140 141 147 151 155 163 173 174 178 181 182 
 183 184 189 190 193 205 208 218 221 226 230 245 268 280 283 
 295 300 303 307 309 311 312 316 317 319 321 322 331 339 343 
 346 359 361 370 379 380 412 419 424 426 427 428 442 443 444 
 458 463 487 488 490 
 84 
 2 4 5 9 12 18 20 24 27 29 35 46 49 51 53 
 57 58 60 65 74 79 83 92 96 98 100 104 112 114 119 
 121 122 123 134 136 138 142 150 151 153 159 160 162 164 167 
 171 188 189 201 207 213 227 231 250 262 265 266 274 291 294 
 296 301 306 307 326 332 340 343 352 356 360 363 366 379 382 
 391 401 418 426 443 448 453 463 490 
 107 
 1 4 6 7 8 15 24 27 29 30 33 34 39 40 46 
 49 52 54 56 60 70 82 83 84 85 86 87 91 103 104 
 107 108 119 120 122 127 135 138 139 144 149 155 157 159 162 
 168 169 170 174 178 186 187 197 200 202 205 208 209 210 219 
 221 230 231 239 240 248 251 257 260 262 266 275 276 277 278 
 280 281 287 288 292 298 299 320 321 334 335 352 362 379 381 
 382 383 387 391 397 405 420 428 436 451 458 460 462 477 481 
 484 494 
 84 
 2 6 7 9 10 18 19 21 29 30 35 38 40 46 62 
 66 67 76 79 87 92 93 105 107 117 128 130 131 134 153 
 158 166 170 172 179 181 188 200 204 213 216 220 224 226 227 
 234 242 257 266 275 283 290 291 297 301 312 313 319 320 322 
 344 346 350 356 357 365 383 385 395 398 405 415 422 428 440 
 452 453 455 461 464 468 481 486 490 
 101 
 2 5 8 12 13 14 16 17 18 23 24 32 33 34 35 
 38 50 57 58 59 61 78 81 92 93 94 95 97 101 105 
 106 109 120 125 130 155 156 157 161 164 167 170 177 178 179 
 181 183 193 195 206 208 217 219 227 233 239 246 249 250 258 
 260 269 271 273 276 278 280 283 286 287 288 290 295 300 304 
 314 317 320 322 323 329 336 345 348 357 364 367 386 393 422 
 430 431 432 442 456 457 467 469 478 485 495 
 93 
 2 4 6 10 16 20 22 26 32 33 36 39 41 42 46 
 47 48 51 53 71 74 79 84 86 95 103 104 106 109 116 
 119 129 130 137 139 140 147 150 160 161 163 167 171 173 192 
 193 197 201 202 203 205 207 224 242 258 262 263 271 272 273 
 274 275 280 283 287 292 315 324 332 338 341 351 357 361 364 
 370 375 376 377 387 390 406 410 411 415 419 456 459 473 476 
 488 493 494 
 105 
 4 8 10 14 16 21 25 28 32 37 38 43 44 47 48 
 49 54 58 65 74 79 81 83 84 85 86 87 89 90 96 
 109 112 114 115 117 125 127 139 143 144 148 150 152 156 160 
 161 167 168 170 172 176 177 178 179 184 185 206 209 210 214 
 223 225 238 242 244 245 247 250 257 258 259 262 275 277 279 
 282 285 286 290 303 315 328 329 349 359 369 373 375 381 385 
 387 388 401 419 421 431 434 436 437 441 453 456 474 479 487 
 101 
 1 8 14 17 18 19 23 31 33 40 42 43 46 50 54 
 56 61 65 67 70 74 75 79 81 84 94 97 99 110 115 
 120 126 135 136 137 138 140 144 146 155 156 161 164 171 173 
 174 177 179 181 189 198 233 239 241 247 248 250 254 257 258 
 267 269 279 290 292 310 311 320 322 327 329 334 341 342 343 
 345 346 350 361 364 381 383 390 396 401 405 409 410 412 418 
 419 420 423 441 455 464 465 468 469 476 487 
 109 
 2 3 5 7 11 12 20 21 24 25 26 30 31 38 40 
 45 49 55 58 59 61 66 75 79 80 85 91 94 95 97 
 98 101 103 105 114 117 120 121 122 126 127 130 134 137 142 
 146 155 156 158 164 165 171 183 186 190 191 193 195 203 206 
 212 220 228 230 236 241 243 246 259 260 261 270 272 284 296 
 297 299 303 304 311 312 317 319 325 329 330 332 338 341 358 
 372 374 387 397 399 400 401 405 424 433 434 436 449 451 454 
 466 472 473 498 
 113 
 3 4 9 10 12 13 15 18 19 23 30 35 41 43 45 
 47 48 51 52 54 56 60 63 72 73 76 77 85 86 87 
 89 91 92 99 100 106 111 113 120 122 125 136 151 152 159 
 164 165 169 173 174 183 188 193 194 199 200 202 204 210 211 
 212 215 221 227 241 248 252 256 261 263 264 274 278 283 284 
 289 291 293 294 308 319 321 333 337 339 341 342 347 348 349 
 362 363 367 368 374 386 393 397 419 423 429 431 432 433 437 
 446 452 453 459 460 473 492 493 
 98 
 1 2 3 4 19 23 24 26 27 31 35 39 42 49 50 
 52 55 57 61 66 78 81 82 90 92 112 114 115 118 125 
 126 127 128 131 135 145 149 153 154 157 159 160 177 179 191 
 197 204 206 213 223 224 232 234 236 251 253 258 261 262 265 
 268 269 270 272 276 277 278 284 303 306 310 314 321 345 353 
 355 362 374 379 380 382 388 392 394 405 418 420 435 446 449 
 451 452 461 466 467 470 489 497 
 101 
 2 3 4 6 8 10 12 16 17 18 22 23 28 32 41 
 42 44 48 52 53 61 62 66 69 70 71 73 80 83 90 
 92 95 98 99 113 116 127 131 133 136 142 152 154 156 167 
 176 179 186 197 202 211 215 222 228 233 240 242 249 251 253 
 254 255 256 258 259 265 267 272 276 280 282 285 293 294 297 
 314 321 341 350 351 352 358 362 368 378 385 391 399 405 407 
 409 414 426 427 438 451 455 462 482 484 488 
 106 
 1 5 8 9 13 14 15 19 20 24 26 29 37 40 41 
 44 45 46 48 55 56 58 76 77 78 91 96 102 108 110 
 112 115 116 124 132 135 143 145 149 150 157 161 163 168 169 
 173 177 178 180 184 187 188 198 212 213 214 216 218 220 228 
 239 244 250 252 255 260 264 266 268 270 273 274 275 276 282 
 289 290 308 309 310 313 317 324 326 332 334 335 339 344 353 
 366 371 372 373 378 382 386 409 413 414 423 425 450 481 482 
 485 
 99 
 1 4 6 8 9 12 13 19 27 29 32 34 37 39 47 
 50 51 63 64 71 72 75 80 89 93 97 99 104 114 116 
 117 119 122 132 142 147 153 154 158 162 167 169 176 184 185 
 186 188 191 195 199 200 202 207 208 209 223 226 227 232 233 
 234 235 238 239 241 243 249 256 257 262 264 270 289 292 296 
 302 308 309 310 312 325 330 333 336 340 346 351 363 373 377 
 384 389 396 441 443 479 488 491 493 
 105 
 3 5 11 12 13 16 17 21 22 23 24 28 31 36 42 
 44 52 56 57 58 59 60 62 64 69 70 72 73 76 78 
 82 83 89 94 95 115 124 129 139 143 145 149 156 158 162 
 166 167 171 175 177 181 182 191 194 210 212 213 217 224 225 
 228 230 231 237 238 240 243 247 254 255 260 261 267 273 281 
 282 299 304 305 306 310 316 322 347 348 349 359 361 365 369 
 370 374 378 383 389 398 399 400 408 410 432 434 444 474 492 
 115 
 2 7 13 15 16 19 22 34 36 42 43 45 47 49 56 
 58 59 62 66 67 68 69 72 75 78 80 81 82 83 86 
 96 98 99 100 102 103 104 105 111 115 116 119 128 134 136 
 137 138 141 144 146 147 152 158 159 163 165 169 171 176 187 
 188 190 191 192 193 194 195 199 201 211 218 225 229 230 236 
 237 238 244 263 264 268 269 271 273 280 291 298 299 314 323 
 325 327 340 344 354 355 362 375 382 387 397 408 411 418 421 
 425 431 433 435 441 470 472 479 484 497 
 95 
 1 3 4 5 16 17 25 27 32 37 38 39 45 47 55 
 60 67 68 69 73 81 89 94 100 108 110 113 118 124 126 
 127 128 132 134 141 142 144 146 148 168 172 173 180 184 190 
 195 198 211 213 226 231 234 243 246 253 256 262 265 267 269 
 271 282 283 285 294 311 314 315 320 321 322 337 341 342 343 
 356 358 359 365 369 371 373 383 395 396 399 423 435 436 439 
 448 461 467 495 496 
 101 
 7 8 9 12 15 16 21 25 31 37 39 43 44 45 46 
 54 58 64 65 66 71 75 76 82 86 90 98 108 111 113 
 115 120 123 131 140 143 144 145 148 149 153 162 176 181 184 
 188 189 198 200 208 219 226 227 230 235 237 239 244 249 252 
 257 260 262 267 277 278 286 291 296 302 305 309 315 319 326 
 328 330 337 346 349 354 356 374 400 403 407 408 411 414 427 
 430 431 433 444 454 458 465 466 470 475 489 
 110 
 1 3 4 5 7 8 15 22 23 24 28 31 32 34 35 
 41 46 52 53 55 57 59 63 65 70 77 82 84 86 88 
 95 97 100 101 107 114 124 127 129 132 133 140 141 144 145 
 146 148 152 163 166 172 176 179 191 196 198 202 204 205 207 
 208 209 212 214 222 229 230 238 244 247 251 253 256 259 261 
 266 267 268 274 286 292 298 300 301 303 311 313 318 326 327 
 330 350 351 357 361 373 380 384 386 390 410 417 432 438 449 
 474 476 485 496 497 
 103 
 2 6 7 11 14 15 17 19 20 21 26 30 31 32 36 
 37 39 53 60 79 84 88 89 94 98 105 109 113 114 116 
 117 118 119 128 132 133 135 136 142 147 162 163 165 166 167 
 171 178 180 182 184 194 195 198 209 215 220 222 230 232 234 
 242 246 252 253 267 273 274 281 283 287 288 297 304 307 325 
 326 340 343 345 352 364 365 372 373 384 389 393 394 402 404 
 406 408 417 418 421 435 438 440 442 455 458 462 483 
 115 
 1 2 3 4 5 6 8 9 13 26 28 30 32 38 44 
 46 47 54 63 64 71 84 85 87 90 91 104 107 108 110 
 117 121 123 135 139 140 143 146 148 149 151 154 165 168 169 
 170 172 175 177 183 187 192 195 200 204 206 210 214 220 222 
 224 225 229 233 245 247 251 259 278 281 285 288 296 300 304 
 308 312 315 322 324 329 330 333 336 342 347 352 360 363 367 
 369 371 375 378 379 380 386 390 391 392 409 416 424 429 431 
 432 441 447 457 459 467 482 485 489 491 
 102 
 3 4 8 10 19 21 25 33 35 37 38 40 44 53 54 
 57 58 66 69 73 74 75 77 81 82 83 91 93 111 112 
 118 119 123 124 126 128 129 131 135 138 139 140 143 151 165 
 170 185 195 196 199 202 207 209 210 213 214 215 216 225 232 
 234 237 246 249 253 261 263 266 271 280 285 290 295 304 305 
 306 316 328 336 339 340 346 347 350 353 363 367 377 378 388 
 395 403 417 419 427 428 437 448 449 452 458 477 
