 50 500 
 1 1 1 1 1 1 1 1 1 1 1 1 1 1 1 
 1 1 1 1 1 1 1 1 1 1 1 1 1 1 1 
 1 1 1 1 1 1 1 1 1 1 1 1 1 1 1 
 1 1 1 1 1 1 1 1 1 1 1 1 1 1 1 
 1 1 1 1 1 1 1 1 1 1 1 1 1 1 1 
 1 1 1 1 1 1 1 1 1 1 1 1 1 1 1 
 1 1 1 1 1 1 1 1 1 1 1 1 1 1 1 
 1 1 1 1 1 1 1 1 1 1 1 1 1 1 1 
 1 1 1 1 1 1 1 1 1 1 1 1 1 1 1 
 1 1 1 1 1 1 1 1 1 1 1 1 1 1 1 
 1 1 1 1 1 1 1 1 1 1 1 1 1 1 1 
 1 1 1 1 1 1 1 1 1 1 1 1 1 1 1 
 1 1 1 1 1 1 1 1 1 1 1 1 1 1 1 
 1 1 1 1 1 1 1 1 1 1 1 1 1 1 1 
 1 1 1 1 1 1 1 1 1 1 1 1 1 1 1 
 1 1 1 1 1 1 1 1 1 1 1 1 1 1 1 
 1 1 1 1 1 1 1 1 1 1 1 1 1 1 1 
 1 1 1 1 1 1 1 1 1 1 1 1 1 1 1 
 1 1 1 1 1 1 1 1 1 1 1 1 1 1 1 
 1 1 1 1 1 1 1 1 1 1 1 1 1 1 1 
 1 1 1 1 1 1 1 1 1 1 1 1 1 1 1 
 1 1 1 1 1 1 1 1 1 1 1 1 1 1 1 
 1 1 1 1 1 1 1 1 1 1 1 1 1 1 1 
 1 1 1 1 1 1 1 1 1 1 1 1 1 1 1 
 1 1 1 1 1 1 1 1 1 1 1 1 1 1 1 
 1 1 1 1 1 1 1 1 1 1 1 1 1 1 1 
 1 1 1 1 1 1 1 1 1 1 1 1 1 1 1 
 1 1 1 1 1 1 1 1 1 1 1 1 1 1 1 
 1 1 1 1 1 1 1 1 1 1 1 1 1 1 1 
 1 1 1 1 1 1 1 1 1 1 1 1 1 1 1 
 1 1 1 1 1 1 1 1 1 1 1 1 1 1 1 
 1 1 1 1 1 1 1 1 1 1 1 1 1 1 1 
 1 1 1 1 1 1 1 1 1 1 1 1 1 1 1 
 1 1 1 1 1 
 97 
 1 2 4 7 9 11 12 15 16 20 22 23 24 28 33 
 34 36 37 38 39 48 51 52 55 59 60 68 73 78 80 
 82 83 86 91 94 95 96 98 99 111 119 121 122 132 135 
 139 144 148 150 171 174 175 189 191 192 204 210 214 217 226 
 232 237 241 243 246 251 254 255 261 263 265 266 268 285 303 
 314 329 330 350 354 359 366 374 379 384 394 397 402 414 416 
 422 430 444 453 466 483 492 
 77 
 2 11 15 21 26 30 36 37 38 43 47 50 51 56 60 
 66 70 78 89 91 93 96 97 100 113 119 131 133 151 152 
 153 154 155 169 170 172 175 178 188 193 210 227 233 260 268 
 275 279 280 281 286 287 290 292 294 309 317 327 329 339 358 
 362 364 365 372 374 380 381 383 413 429 430 432 436 444 449 
 466 474 
 105 
 2 3 4 7 9 10 12 15 23 24 25 27 28 34 35 
 41 42 43 44 45 55 58 59 64 67 69 70 82 83 85 
 87 90 92 94 100 101 113 118 121 142 143 161 162 163 168 
 169 174 177 183 190 191 193 200 204 207 208 222 223 227 232 
 242 243 248 249 250 256 259 265 271 273 278 282 287 290 306 
 309 313 320 324 331 339 358 359 360 365 369 370 374 376 381 
 386 389 396 441 443 449 450 451 459 468 469 479 482 491 493 
 91 
 2 4 5 6 19 26 37 41 46 49 52 54 61 65 74 
 75 79 86 91 95 101 102 105 112 116 124 125 126 134 140 
 141 142 145 146 149 155 156 158 159 160 170 181 182 187 190 
 199 200 201 203 205 217 221 223 234 239 242 244 247 252 257 
 266 271 272 273 276 284 288 295 298 303 313 332 341 351 352 
 363 367 379 384 404 411 416 427 438 446 460 462 479 480 483 
 492 
 108 
 2 5 6 15 16 18 22 31 32 35 39 40 43 50 54 
 59 62 63 64 69 72 75 77 81 84 87 89 94 95 96 
 98 106 108 122 126 127 128 131 136 143 152 153 159 160 165 
 166 168 170 174 176 178 179 180 183 186 187 189 191 201 205 
 208 211 220 229 232 235 245 246 251 257 260 261 264 269 272 
 281 282 288 303 304 314 316 319 326 334 338 339 344 353 354 
 359 370 372 373 377 378 390 404 410 429 439 451 454 461 464 
 476 484 496 
 93 
 3 7 17 18 22 25 27 31 32 35 36 39 43 44 46 
 48 61 62 75 77 83 98 102 110 112 113 117 122 131 137 
 138 139 140 143 145 152 153 154 156 159 173 178 190 196 197 
 200 203 204 208 224 227 230 231 238 240 243 247 270 273 275 
 276 277 284 285 286 298 306 307 316 319 328 333 347 351 367 
 372 392 415 419 420 433 435 438 457 458 461 470 475 489 494 
 495 498 500 
 115 
 1 2 3 4 7 9 14 17 24 25 26 27 28 29 31 
 34 38 41 42 43 45 46 50 56 57 59 61 63 66 69 
 71 72 76 82 86 88 89 91 93 97 99 101 103 106 109 
 116 118 121 129 134 139 146 147 152 153 158 166 169 176 177 
 178 180 183 188 190 194 198 201 216 221 222 232 244 248 251 
 274 277 280 283 284 286 308 312 320 326 342 344 357 360 364 
 369 370 375 378 382 383 386 392 393 402 413 415 416 418 431 
 434 440 451 462 465 477 479 485 493 497 
 102 
 3 4 5 11 12 14 15 27 30 31 33 38 42 44 46 
 49 50 51 52 59 63 68 74 77 79 85 87 93 94 97 
 109 118 119 121 122 125 126 127 135 143 144 156 169 176 189 
 191 194 195 197 198 199 202 204 209 211 216 219 221 226 228 
 232 233 239 241 244 246 251 256 258 281 287 296 306 308 310 
 320 321 324 334 335 342 345 346 357 365 373 387 389 391 400 
 404 408 420 431 442 457 471 473 477 487 492 496 
 92 
 5 14 17 20 22 25 26 30 33 34 35 44 47 52 53 
 57 62 67 68 71 73 74 79 89 108 115 116 122 128 130 
 138 143 146 157 158 162 165 184 193 196 197 198 203 218 219 
 220 225 233 241 242 246 259 262 283 290 293 297 299 301 312 
 316 322 323 326 328 334 340 345 349 350 355 357 367 373 380 
 385 387 394 403 405 407 408 411 412 413 429 434 447 451 462 
 473 484 
 92 
 1 3 4 5 10 16 21 24 26 27 28 31 34 35 37 
 41 47 48 50 51 60 64 73 79 81 95 100 101 104 108 
 109 117 120 123 125 126 127 129 134 136 137 141 146 150 154 
 169 176 182 183 185 191 194 200 202 205 209 222 223 228 231 
 236 260 263 274 277 286 292 298 302 309 312 313 317 348 351 
 355 371 375 388 389 390 396 397 399 414 423 467 468 471 474 
 475 486 
 93 
 1 3 5 6 8 13 17 18 36 38 40 43 46 48 50 
 53 64 66 68 69 71 80 88 90 98 102 109 112 114 120 
 126 138 149 154 160 161 162 171 176 178 184 188 199 206 207 
 209 218 229 230 235 238 245 253 254 255 263 270 271 275 276 
 283 284 289 291 293 296 307 310 315 316 321 325 347 353 356 
 358 361 363 370 376 379 383 384 393 399 401 406 413 423 433 
 446 467 495 
 97 
 7 9 11 16 27 29 30 32 43 48 51 53 59 61 65 
 67 71 76 78 81 82 84 90 96 97 100 101 105 110 112 
 117 122 124 128 142 143 145 157 166 171 173 174 182 183 204 
 214 215 216 217 219 237 240 243 252 261 269 273 276 278 280 
 293 296 303 309 318 319 321 322 324 331 334 341 342 350 354 
 364 365 371 372 375 402 403 412 413 419 420 431 437 442 446 
 452 458 464 470 472 474 485 
 100 
 8 10 12 15 17 21 24 26 35 45 47 48 51 56 61 
 69 73 80 84 85 88 90 91 101 107 114 122 123 124 129 
 131 132 134 137 138 141 145 147 156 157 158 161 162 164 167 
 168 180 183 187 195 197 202 205 217 218 224 233 235 239 243 
 250 256 260 266 267 268 273 274 282 283 301 305 331 343 350 
 361 362 363 364 368 376 381 386 398 400 411 424 436 444 447 
 450 459 464 466 472 474 478 481 488 494 
 106 
 3 6 8 9 16 20 21 23 27 28 29 34 38 40 44 
 46 47 49 51 57 59 60 68 83 84 92 95 96 98 100 
 102 103 105 107 114 118 124 130 138 139 144 148 149 154 155 
 157 162 163 176 177 179 180 181 185 194 201 210 213 216 217 
 218 219 225 227 228 237 238 240 243 245 246 248 249 255 258 
 266 275 278 283 300 318 325 328 330 340 342 348 352 360 371 
 377 380 388 391 394 396 398 404 422 428 443 457 464 474 476 
 477 
 88 
 1 7 9 11 12 17 19 20 22 28 32 33 35 41 42 
 51 53 56 63 68 75 84 86 87 88 96 103 104 110 114 
 117 118 119 120 125 133 142 144 146 149 164 165 170 181 186 
 187 199 207 210 211 221 225 229 235 238 242 249 251 257 258 
 266 267 276 277 284 289 290 291 294 308 315 327 346 349 359 
 363 365 366 378 390 396 426 443 447 456 472 481 491 
 116 
 1 2 3 4 5 7 8 10 11 12 16 18 19 29 31 
 35 40 43 49 52 54 56 57 58 62 70 78 89 100 104 
 111 114 115 116 123 125 126 128 129 130 132 137 141 149 153 
 164 166 174 177 179 180 185 190 195 196 197 201 204 205 206 
 207 212 213 214 220 230 234 235 243 246 249 257 265 266 268 
 272 274 278 287 291 292 298 299 300 304 315 317 322 324 335 
 339 341 347 352 365 371 377 386 395 399 405 411 412 420 421 
 422 431 432 438 444 448 449 455 456 466 478 
 93 
 1 2 12 13 20 30 36 39 41 42 44 54 57 75 76 
 78 103 106 108 114 115 116 117 121 131 132 137 139 144 146 
 156 158 160 164 167 177 178 179 188 191 192 193 195 197 206 
 209 210 214 219 224 229 231 236 249 251 256 262 270 286 287 
 291 298 300 304 309 315 318 323 325 329 332 338 340 343 352 
 362 364 375 382 412 421 425 427 428 430 431 439 449 454 456 
 463 477 495 
 100 
 2 7 8 14 15 18 21 22 24 26 32 33 35 43 45 
 54 55 56 57 64 66 67 68 75 78 79 80 84 88 92 
 102 118 122 126 132 133 134 136 140 150 151 154 159 160 167 
 174 179 196 205 207 219 222 224 231 238 246 247 253 264 266 
 270 278 282 283 285 287 290 292 294 295 300 302 303 306 312 
 318 321 322 324 334 335 339 340 344 345 346 352 368 369 372 
 380 387 396 424 425 448 450 456 481 488 
 83 
 1 6 12 16 23 24 54 60 63 65 67 72 73 75 76 
 77 85 87 89 90 97 107 109 113 115 118 119 126 128 130 
 138 142 150 159 164 166 171 180 184 192 193 200 213 216 219 
 224 230 231 232 240 242 255 256 259 260 268 269 270 285 288 
 294 311 314 344 356 363 376 384 387 402 403 405 406 416 421 
 423 430 440 443 468 475 484 485 
 100 
 1 4 7 9 16 20 25 27 32 34 39 43 49 57 58 
 68 69 70 74 82 85 91 94 99 101 103 108 116 122 126 
 127 130 131 135 138 139 146 148 149 153 163 165 169 170 180 
 184 186 190 197 209 211 218 221 222 228 231 242 254 257 259 
 260 261 265 270 272 277 280 303 304 312 315 328 330 341 354 
 361 366 379 390 393 394 400 405 407 409 419 422 428 434 445 
 446 447 451 452 455 465 471 479 489 490 
 86 
 2 6 9 14 19 21 27 51 52 55 58 59 65 70 79 
 80 86 89 90 102 110 116 120 123 124 129 142 146 148 150 
 153 159 167 168 170 172 176 179 184 185 190 196 203 205 208 
 211 214 223 228 237 239 257 264 280 289 293 299 331 345 348 
 353 356 358 359 378 383 387 391 397 398 401 402 406 408 410 
 413 432 436 439 449 450 452 453 460 464 472 
 98 
 1 5 10 12 15 19 20 22 29 30 36 38 42 46 53 
 56 61 63 65 66 69 72 80 82 90 91 92 97 98 100 
 106 107 110 119 122 125 130 133 136 138 147 155 162 163 164 
 167 174 187 188 193 201 209 212 213 214 216 224 226 238 242 
 244 257 258 262 269 273 279 281 285 288 296 300 305 308 312 
 317 330 332 333 335 336 348 351 353 358 362 363 373 383 392 
 396 409 426 438 442 448 464 467 
 98 
 6 18 21 25 27 32 33 38 40 41 42 43 46 49 54 
 55 57 58 62 65 73 76 81 91 92 93 95 104 106 109 
 111 119 120 123 124 132 136 140 144 151 154 155 156 157 167 
 168 172 173 182 186 190 191 195 206 212 225 236 259 260 261 
 267 268 282 292 295 299 301 302 303 306 313 317 318 321 326 
 329 339 357 360 361 372 384 387 393 401 407 417 424 432 437 
 443 463 467 469 470 481 487 489 
 98 
 20 21 22 23 31 32 35 36 37 44 45 46 51 52 53 
 55 60 63 64 66 71 75 76 77 83 87 92 93 102 107 
 109 112 123 128 129 133 134 135 144 146 149 155 162 169 171 
 172 175 180 181 185 192 200 206 209 211 227 228 229 236 241 
 245 246 250 253 262 265 269 273 275 292 298 299 306 310 311 
 318 319 323 324 332 345 347 356 363 368 371 395 398 401 409 
 413 425 429 441 463 470 476 481 
 105 
 4 8 11 12 14 18 23 27 32 33 34 40 44 57 58 
 63 72 74 79 87 88 90 96 97 98 99 101 102 105 106 
 108 112 113 120 121 124 133 141 149 151 156 158 159 161 163 
 167 170 171 174 177 188 207 208 212 218 221 223 224 225 229 
 233 234 241 244 247 249 250 256 257 258 263 267 268 269 271 
 277 279 286 288 297 301 302 304 307 314 318 323 335 336 337 
 343 379 416 417 418 427 428 432 435 436 440 459 466 473 480 
 116 
 3 6 8 14 19 22 23 26 28 29 42 43 44 45 48 
 53 55 58 64 68 70 71 72 74 81 82 83 86 87 90 
 93 97 99 101 103 107 110 113 117 121 124 135 138 139 142 
 145 166 169 171 176 179 191 192 194 200 201 204 206 207 210 
 212 215 216 217 220 222 226 229 239 240 246 248 250 254 256 
 257 258 273 275 278 279 281 282 286 296 302 316 326 327 330 
 333 336 337 344 349 353 367 374 375 376 379 381 384 385 395 
 404 407 424 427 440 443 449 454 471 477 497 
 92 
 5 6 7 10 11 13 15 28 32 34 37 42 47 49 58 
 71 72 74 77 79 84 95 97 112 114 115 117 118 119 121 
 122 127 129 130 133 134 137 140 142 143 151 158 160 163 164 
 166 167 175 185 187 202 209 220 239 241 242 244 245 250 251 
 252 253 255 262 269 272 286 291 297 298 304 307 327 328 354 
 364 371 384 386 388 397 401 402 410 419 452 453 455 458 483 
 487 499 
 108 
 5 13 17 18 20 21 22 23 24 34 38 44 45 47 49 
 50 58 68 69 70 71 72 74 75 78 82 84 98 99 110 
 114 115 118 125 127 132 142 145 147 148 161 168 178 180 181 
 183 192 193 194 199 200 202 206 212 215 217 221 224 226 227 
 237 247 254 256 259 260 264 270 272 276 297 301 303 310 313 
 320 323 325 343 351 355 365 368 379 385 388 392 398 399 403 
 408 415 416 417 421 422 434 439 441 442 455 460 465 468 470 
 472 475 476 
 90 
 6 9 10 15 17 20 21 25 26 29 33 37 39 42 43 
 49 59 60 61 67 79 80 81 83 93 99 103 113 114 117 
 128 133 141 150 153 154 155 158 159 162 164 177 181 190 194 
 210 219 220 226 228 230 247 249 256 262 265 267 276 307 308 
 321 328 330 332 337 338 343 346 350 356 363 368 369 374 376 
 380 381 382 389 392 394 400 409 420 423 433 440 455 462 484 
 93 
 2 5 8 14 16 20 26 28 29 30 32 33 39 45 47 
 48 50 52 53 54 55 62 63 64 66 74 75 76 77 80 
 90 91 92 97 105 106 110 115 128 129 140 141 151 153 157 
 159 164 172 175 189 191 193 202 203 205 211 212 213 215 217 
 225 229 239 241 248 250 252 258 261 276 277 279 286 289 296 
 297 303 325 326 328 331 334 355 368 369 374 394 406 427 432 
 435 453 488 
 113 
 4 5 10 14 16 17 21 25 27 28 31 32 33 35 39 
 41 42 51 55 56 58 59 64 65 67 73 77 80 92 95 
 98 99 109 112 116 117 131 137 139 146 148 150 152 156 158 
 162 163 172 173 177 182 183 190 191 195 202 203 224 226 231 
 235 238 243 247 253 254 259 263 267 268 271 279 301 305 307 
 309 311 312 314 318 325 327 330 339 343 346 348 361 371 373 
 381 389 390 391 399 408 412 415 425 433 439 446 447 450 451 
 454 465 467 471 478 482 486 493 
 90 
 3 4 10 11 13 18 25 27 30 31 36 37 39 40 45 
 47 51 53 58 62 63 67 73 87 102 103 109 110 113 115 
 124 128 130 131 132 134 139 141 143 148 150 161 165 166 173 
 175 177 179 182 183 184 189 195 209 215 234 237 244 248 249 
 250 259 272 282 305 307 309 311 315 322 331 332 333 340 342 
 346 347 349 372 373 378 380 384 398 422 445 460 468 484 487 
 96 
 5 6 7 8 10 19 21 23 25 28 29 31 35 37 39 
 40 41 44 45 50 62 65 66 67 76 81 83 87 88 92 
 95 100 105 111 114 115 118 127 131 132 136 138 139 144 149 
 151 153 155 157 165 170 179 180 185 188 189 192 217 223 226 
 229 236 242 264 280 293 295 299 309 319 336 340 355 368 370 
 374 376 386 389 390 393 403 408 412 415 418 426 430 433 434 
 441 459 475 480 495 497 
 101 
 1 4 6 7 8 9 11 13 15 19 20 22 23 24 26 
 29 31 36 50 53 66 70 72 76 77 85 86 92 93 95 
 103 107 108 115 120 123 135 155 160 161 162 170 172 173 181 
 199 201 205 207 208 214 216 221 223 227 230 238 245 252 255 
 263 264 269 279 281 285 289 294 295 298 299 300 302 304 308 
 316 317 320 322 329 340 346 356 359 366 377 391 392 410 414 
 420 426 435 438 445 458 468 478 485 488 492 
 104 
 1 2 3 7 8 11 13 20 22 30 31 34 39 41 42 
 47 54 61 64 66 67 68 71 72 73 74 77 78 80 81 
 82 85 89 93 94 104 108 111 114 118 121 124 130 134 137 
 147 149 153 155 156 172 173 184 186 188 192 197 198 220 221 
 225 230 231 233 241 246 247 248 251 252 261 262 279 297 306 
 317 320 321 328 337 347 353 362 369 381 382 393 399 400 401 
 407 419 432 435 437 447 452 453 458 460 462 470 482 498 
 92 
 1 4 11 15 17 23 31 35 40 41 52 55 57 60 70 
 76 83 84 85 86 88 92 96 98 101 104 108 127 130 135 
 144 145 157 158 163 168 169 173 182 186 187 189 196 198 201 
 203 206 210 213 214 215 218 220 232 233 237 240 245 250 265 
 274 280 292 295 299 305 308 310 320 322 323 326 341 344 345 
 349 350 351 358 368 391 394 401 421 433 438 460 461 463 478 
 488 490 
 100 
 1 7 9 10 12 17 19 21 24 26 31 34 36 40 41 
 44 47 48 57 62 63 70 71 78 80 83 85 88 99 100 
 102 104 108 109 110 111 125 128 133 134 136 140 141 147 148 
 149 150 151 152 161 184 192 194 201 204 209 212 228 234 235 
 236 245 248 249 253 259 262 264 277 281 284 285 292 295 296 
 305 311 314 323 328 330 331 334 335 336 341 349 355 357 360 
 362 370 374 382 411 416 440 461 467 483 
 83 
 1 2 13 19 30 51 52 55 60 61 69 71 77 88 90 
 93 94 98 105 111 112 123 127 137 142 143 151 163 172 183 
 188 195 196 198 199 200 202 205 208 211 219 225 230 234 236 
 240 248 252 258 266 267 268 269 271 275 283 288 297 300 305 
 312 316 327 332 333 341 349 350 353 357 367 375 381 389 398 
 402 409 411 417 429 472 476 496 
 87 
 1 3 6 7 9 10 14 18 22 24 30 36 37 39 48 
 49 58 60 63 66 72 77 86 88 94 99 102 103 111 112 
 115 117 129 143 148 162 166 167 170 171 175 186 189 195 198 
 200 203 207 208 210 217 228 253 255 261 262 271 274 275 284 
 289 290 291 302 311 314 315 317 327 329 332 337 338 344 372 
 375 377 388 397 405 407 417 418 428 443 454 479 
 110 
 3 5 6 8 11 13 17 18 32 38 39 40 41 44 48 
 53 54 64 72 73 81 82 86 87 88 89 94 100 101 103 
 104 105 106 107 110 116 123 124 125 126 129 135 143 145 147 
 151 152 161 166 168 177 197 198 199 204 208 213 232 238 258 
 263 267 268 269 274 281 290 293 294 301 302 310 316 319 322 
 326 335 336 337 339 357 358 360 362 364 385 387 393 395 397 
 400 403 406 407 414 415 421 423 426 431 436 438 439 442 448 
 465 469 480 482 489 
 92 
 2 3 4 5 13 14 16 17 18 19 25 29 36 37 38 
 40 41 56 61 69 73 74 82 85 93 94 98 104 105 106 
 111 116 119 127 140 141 147 152 168 175 178 181 186 187 188 
 194 196 212 215 218 220 222 224 225 240 250 251 254 256 270 
 272 278 285 289 290 295 296 301 305 306 313 315 320 342 347 
 352 367 371 377 378 389 395 399 420 428 437 445 448 457 476 
 480 486 
 102 
 2 3 4 8 11 12 13 18 24 26 28 33 34 35 36 
 44 52 54 59 60 61 62 68 70 91 104 106 107 113 116 
 117 120 121 125 126 127 128 133 135 140 145 147 152 156 159 
 165 166 171 174 175 178 182 184 185 187 189 195 209 212 213 
 218 222 228 236 237 245 271 283 293 294 311 313 314 318 322 
 323 324 327 329 332 333 336 354 357 365 366 367 370 376 382 
 385 396 400 414 426 429 444 456 463 473 494 498 
 99 
 2 7 10 12 13 18 19 22 24 25 26 29 38 45 49 
 56 61 62 65 67 75 78 102 105 107 108 109 119 124 128 
 136 137 147 148 154 160 163 167 169 175 182 185 195 196 197 
 202 203 206 207 213 215 222 231 234 237 239 242 244 253 254 
 255 259 266 267 277 292 306 313 314 324 329 333 338 343 344 
 345 354 355 359 383 388 397 403 408 409 414 424 425 430 431 
 434 437 441 442 445 446 462 471 491 
 108 
 8 9 12 14 15 16 18 20 21 23 33 37 47 48 50 
 56 63 65 67 69 72 76 80 84 89 91 96 99 103 107 
 123 138 142 146 147 148 157 160 164 165 168 170 173 175 178 
 180 181 182 184 187 189 197 198 213 226 233 238 240 244 260 
 263 264 265 274 276 285 287 288 290 304 317 321 324 327 330 
 331 337 343 354 359 360 361 369 373 380 385 392 395 409 410 
 415 418 424 427 428 435 436 437 441 446 447 458 461 463 474 
 487 493 494 
 108 
 3 4 11 13 15 19 20 30 34 36 37 38 43 46 49 
 56 57 60 69 70 73 84 93 100 110 111 113 118 119 121 
 122 123 136 139 140 154 156 159 161 165 172 174 179 186 188 
 193 198 200 202 208 214 222 227 230 231 233 234 235 236 240 
 244 247 252 258 260 261 262 270 278 280 287 288 289 299 300 
 310 311 319 329 338 346 347 348 358 362 367 375 378 380 383 
 388 412 419 426 435 442 445 450 451 452 453 455 461 475 490 
 491 496 500 
 108 
 1 3 13 15 16 21 22 24 25 27 29 33 40 46 50 
 56 62 65 69 70 71 75 76 79 86 87 89 91 92 94 
 96 112 113 117 120 131 132 135 154 163 172 174 178 183 185 
 186 189 192 193 203 205 214 223 227 232 234 243 252 253 261 
 264 265 282 283 284 291 293 294 297 304 305 308 309 310 311 
 315 325 338 340 342 348 350 352 360 361 377 379 386 387 388 
 395 401 404 406 410 418 421 423 439 448 450 454 456 457 459 
 478 486 492 
 90 
 9 10 13 16 32 42 45 50 52 54 55 59 64 65 75 
 82 86 90 94 95 97 104 111 119 120 123 125 127 129 130 
 131 133 136 144 145 150 157 160 169 171 173 176 177 179 181 
 192 194 199 202 204 208 210 211 216 232 235 237 254 257 263 
 270 274 275 279 282 284 307 308 319 321 336 349 351 353 366 
 378 386 391 400 410 417 425 436 440 444 448 469 473 490 499 
 99 
 1 2 4 6 14 16 30 45 47 49 53 54 57 66 71 
 78 79 81 85 96 97 99 100 109 120 140 144 145 150 152 
 160 161 165 181 193 194 196 198 203 204 206 215 218 221 223 
 227 229 234 236 239 241 247 251 252 255 263 264 271 278 280 
 288 291 294 296 301 320 325 326 334 335 356 366 373 377 382 
 385 390 397 399 404 405 406 411 418 419 424 427 429 434 437 
 441 469 473 482 483 485 486 489 499 
 102 
 8 14 17 19 23 28 30 37 39 40 42 46 53 58 59 
 60 62 64 66 73 74 81 83 89 95 96 101 104 105 106 
 108 112 113 116 120 125 126 130 134 135 136 137 141 152 157 
 158 168 173 176 184 185 187 190 196 199 201 211 219 223 225 
 226 241 245 248 249 253 254 265 273 287 289 291 295 298 300 
 307 312 313 338 348 351 355 356 361 382 385 390 391 395 396 
 402 414 422 423 433 444 445 452 457 469 477 497 
 98 
 5 6 9 10 12 14 17 19 23 25 28 29 33 38 46 
 48 52 55 61 65 67 68 74 78 79 81 83 84 85 105 
 106 107 111 114 115 121 129 132 151 155 164 165 167 171 176 
 182 186 191 199 206 207 215 216 220 230 233 235 239 243 255 
 266 267 272 281 293 297 302 310 316 319 323 325 331 333 337 
 341 342 345 352 364 366 369 370 383 392 393 394 398 405 417 
 425 430 449 459 465 466 490 491 
